id,actual_miles,estimated_miles,error,map_url
6,224,224,0,"http://maps.google.com/maps/api/staticmap?size=500x500&sensor=false&maptype=road&markers=color%3Agreen%7Clabel%3A1%7C39.29028,-76.6125&markers=color%3Ared%7C37.02972,-76.34556&markers=color%3Agreen%7Clabel%3A2%7C39.29028,-76.6125&markers=color%3Ared%7Clabel%3A2%7C37.02972,-76.34556"
20,422,429,7,"http://maps.google.com/maps/api/staticmap?size=500x500&sensor=false&maptype=road&markers=color%3Agreen%7Clabel%3A1%7C39.92417,-79.83583&markers=color%3Ared%7C43.467,-81.2&markers=color%3Agreen%7Clabel%3A2%7C39.92417,-79.83583&markers=color%3Ared%7Clabel%3A2%7C43.467,-81.2&markers=color%3Agreen%7Clabel%3A3%7C39.92417,-79.83583&markers=color%3Ared%7Clabel%3A3%7C43.467,-81.2&markers=color%3Agreen%7Clabel%3A4%7C40.44056,-79.99611&markers=color%3Ared%7Clabel%3A4%7C42.983,-81.233&markers=color%3Agreen%7Clabel%3A5%7C39.95485,-80.74287&markers=color%3Ared%7Clabel%3A5%7C43.983,-80.733"
23,244,248,4,"http://maps.google.com/maps/api/staticmap?size=500x500&sensor=false&maptype=road&markers=color%3Agreen%7Clabel%3A1%7C42.38056,-76.87361&markers=color%3Ared%7C40.66861,-74.11472&markers=color%3Agreen%7Clabel%3A2%7C42.38056,-76.87361&markers=color%3Ared%7Clabel%3A2%7C40.66861,-74.11472&markers=color%3Agreen%7Clabel%3A3%7C42.38056,-76.87361&markers=color%3Ared%7Clabel%3A3%7C40.50667,-74.26583&markers=color%3Agreen%7Clabel%3A4%7C42.08972,-76.80806&markers=color%3Ared%7Clabel%3A4%7C40.77389,-74.27389&markers=color%3Agreen%7Clabel%3A5%7C42.38056,-76.87361&markers=color%3Ared%7Clabel%3A5%7C41.3625,-74.27167"
29,175,169,-6,"http://maps.google.com/maps/api/staticmap?size=500x500&sensor=false&maptype=road&markers=color%3Agreen%7Clabel%3A1%7C40.51861,-74.4125&markers=color%3Ared%7C42.09861,-75.91833&markers=color%3Agreen%7Clabel%3A2%7C40.51861,-74.4125&markers=color%3Ared%7Clabel%3A2%7C42.09861,-75.91833&markers=color%3Agreen%7Clabel%3A3%7C40.66389,-74.21111&markers=color%3Ared%7Clabel%3A3%7C41.37111,-75.73528&markers=color%3Agreen%7Clabel%3A4%7C40.73556,-74.17278&markers=color%3Ared%7Clabel%3A4%7C41.57667,-75.25917&markers=color%3Agreen%7Clabel%3A5%7C40.73556,-74.17278&markers=color%3Ared%7Clabel%3A5%7C41.57667,-75.25917"
32,354,353,-1,"http://maps.google.com/maps/api/staticmap?size=500x500&sensor=false&maptype=road&markers=color%3Agreen%7Clabel%3A1%7C40.41889,-80.58972&markers=color%3Ared%7C43.08417,-76.86972&markers=color%3Agreen%7Clabel%3A2%7C40.41889,-80.58972&markers=color%3Ared%7Clabel%3A2%7C43.08417,-76.86972&markers=color%3Agreen%7Clabel%3A3%7C40.41889,-80.58972&markers=color%3Ared%7Clabel%3A3%7C43.08417,-76.86972&markers=color%3Agreen%7Clabel%3A4%7C40.41889,-80.58972&markers=color%3Ared%7Clabel%3A4%7C43.08417,-76.86972&markers=color%3Agreen%7Clabel%3A5%7C40.06389,-80.72111&markers=color%3Ared%7Clabel%3A5%7C42.90472,-76.86306"
33,262,257,-5,"http://maps.google.com/maps/api/staticmap?size=500x500&sensor=false&maptype=road&markers=color%3Agreen%7Clabel%3A1%7C40.03611,-75.51417&markers=color%3Ared%7C42.125,-72.75&markers=color%3Agreen%7Clabel%3A2%7C40.03611,-75.51417&markers=color%3Ared%7Clabel%3A2%7C42.125,-72.75&markers=color%3Agreen%7Clabel%3A3%7C40.03611,-75.51417&markers=color%3Ared%7Clabel%3A3%7C42.125,-72.75&markers=color%3Agreen%7Clabel%3A4%7C39.94917,-75.97389&markers=color%3Ared%7Clabel%3A4%7C42.10139,-72.59028&markers=color%3Agreen%7Clabel%3A5%7C40.33556,-75.92722&markers=color%3Ared%7Clabel%3A5%7C42.10139,-72.59028"
39,374,374,0,"http://maps.google.com/maps/api/staticmap?size=500x500&sensor=false&maptype=road&markers=color%3Agreen%7Clabel%3A1%7C43.10083,-75.23306&markers=color%3Ared%7C39.14917,-76.77556&markers=color%3Agreen%7Clabel%3A2%7C43.10083,-75.23306&markers=color%3Ared%7Clabel%3A2%7C39.14917,-76.77556"
52,554,580,26,"http://maps.google.com/maps/api/staticmap?size=500x500&sensor=false&maptype=road&markers=color%3Agreen%7Clabel%3A1%7C36.29362,-76.23404&markers=color%3Ared%7C43.04806,-76.14778&markers=color%3Agreen%7Clabel%3A2%7C36.29362,-76.23404&markers=color%3Ared%7Clabel%3A2%7C43.04806,-76.14778&markers=color%3Agreen%7Clabel%3A3%7C36.29362,-76.23404&markers=color%3Ared%7Clabel%3A3%7C43.04806,-76.14778&markers=color%3Agreen%7Clabel%3A4%7C36.97861,-76.42833&markers=color%3Ared%7Clabel%3A4%7C43.04806,-76.14778&markers=color%3Agreen%7Clabel%3A5%7C36.97861,-76.42833&markers=color%3Ared%7Clabel%3A5%7C43.32278,-76.4175"
55,99,101,2,"http://maps.google.com/maps/api/staticmap?size=500x500&sensor=false&maptype=road&markers=color%3Agreen%7Clabel%3A1%7C40.73556,-74.17278&markers=color%3Ared%7C41.57667,-75.25917&markers=color%3Agreen%7Clabel%3A2%7C40.73556,-74.17278&markers=color%3Ared%7Clabel%3A2%7C41.57667,-75.25917&markers=color%3Agreen%7Clabel%3A3%7C40.73556,-74.17278&markers=color%3Ared%7Clabel%3A3%7C41.57667,-75.25917&markers=color%3Agreen%7Clabel%3A4%7C40.73556,-74.17278&markers=color%3Ared%7Clabel%3A4%7C41.57667,-75.25917&markers=color%3Agreen%7Clabel%3A5%7C40.66389,-74.21111&markers=color%3Ared%7Clabel%3A5%7C41.37111,-75.73528"
83,422,422,0,"http://maps.google.com/maps/api/staticmap?size=500x500&sensor=false&maptype=road&markers=color%3Agreen%7Clabel%3A1%7C42.73472,-71.65861&markers=color%3Ared%7C40.85333,-77.56778&markers=color%3Agreen%7Clabel%3A2%7C42.73472,-71.65861&markers=color%3Ared%7Clabel%3A2%7C40.85333,-77.56778&markers=color%3Agreen%7Clabel%3A3%7C42.73472,-71.65861&markers=color%3Ared%7Clabel%3A3%7C40.85333,-77.56778&markers=color%3Agreen%7Clabel%3A4%7C42.73472,-71.65861&markers=color%3Ared%7Clabel%3A4%7C40.85333,-77.56778"
93,450,445,-5,"http://maps.google.com/maps/api/staticmap?size=500x500&sensor=false&maptype=road&markers=color%3Agreen%7Clabel%3A1%7C39.18556,-78.16361&markers=color%3Ared%7C41.84639,-71.88806&markers=color%3Agreen%7Clabel%3A2%7C39.18556,-78.16361&markers=color%3Ared%7Clabel%3A2%7C41.84639,-71.88806&markers=color%3Agreen%7Clabel%3A3%7C39.18556,-78.16361&markers=color%3Ared%7Clabel%3A3%7C41.66472,-72.63972&markers=color%3Agreen%7Clabel%3A4%7C39.18556,-78.16361&markers=color%3Ared%7Clabel%3A4%7C42.525,-71.76028&markers=color%3Agreen%7Clabel%3A5%7C39.00611,-77.42889&markers=color%3Ared%7Clabel%3A5%7C42.56111,-71.59028"
102,646,632,-14,"http://maps.google.com/maps/api/staticmap?size=500x500&sensor=false&maptype=road&markers=color%3Agreen%7Clabel%3A1%7C37.26778,-76.01778&markers=color%3Ared%7C41.27361,-82.84167&markers=color%3Agreen%7Clabel%3A2%7C37.26778,-76.01778&markers=color%3Ared%7Clabel%3A2%7C41.27361,-82.84167&markers=color%3Agreen%7Clabel%3A3%7C37.26778,-76.01778&markers=color%3Ared%7Clabel%3A3%7C41.27361,-82.84167&markers=color%3Agreen%7Clabel%3A4%7C37.26778,-76.01778&markers=color%3Ared%7Clabel%3A4%7C41.27361,-82.84167&markers=color%3Agreen%7Clabel%3A5%7C36.84667,-76.28556&markers=color%3Ared%7Clabel%3A5%7C41.49944,-81.69556"
105,211,202,-9,"http://maps.google.com/maps/api/staticmap?size=500x500&sensor=false&maptype=road&markers=color%3Agreen%7Clabel%3A1%7C38.02306,-77.37361&markers=color%3Ared%7C40.10167,-76.08556&markers=color%3Agreen%7Clabel%3A2%7C38.02306,-77.37361&markers=color%3Ared%7Clabel%3A2%7C40.10167,-76.08556&markers=color%3Agreen%7Clabel%3A3%7C38.02306,-77.37361&markers=color%3Ared%7Clabel%3A3%7C40.09528,-76.41028&markers=color%3Agreen%7Clabel%3A4%7C38.02306,-77.37361&markers=color%3Ared%7Clabel%3A4%7C39.44944,-75.71667&markers=color%3Agreen%7Clabel%3A5%7C38.02306,-77.37361&markers=color%3Ared%7Clabel%3A5%7C39.44944,-75.71667"
106,419,419,0,"http://maps.google.com/maps/api/staticmap?size=500x500&sensor=false&maptype=road&markers=color%3Agreen%7Clabel%3A1%7C38.02917,-78.94528&markers=color%3Ared%7C33.53083,-80.57222&markers=color%3Agreen%7Clabel%3A2%7C38.02917,-78.94528&markers=color%3Ared%7Clabel%3A2%7C33.53083,-80.57222&markers=color%3Agreen%7Clabel%3A3%7C38.02917,-78.94528&markers=color%3Ared%7Clabel%3A3%7C33.53083,-80.57222"
122,328,330,2,"http://maps.google.com/maps/api/staticmap?size=500x500&sensor=false&maptype=road&markers=color%3Agreen%7Clabel%3A1%7C39.29028,-76.6125&markers=color%3Ared%7C41.92917,-72.62778&markers=color%3Agreen%7Clabel%3A2%7C39.29028,-76.6125&markers=color%3Ared%7Clabel%3A2%7C41.92917,-72.62778&markers=color%3Agreen%7Clabel%3A3%7C39.29028,-76.6125&markers=color%3Ared%7Clabel%3A3%7C41.98167,-72.65111&markers=color%3Agreen%7Clabel%3A4%7C39.29028,-76.6125&markers=color%3Ared%7Clabel%3A4%7C42.10139,-72.59028&markers=color%3Agreen%7Clabel%3A5%7C38.80472,-77.04722&markers=color%3Ared%7Clabel%3A5%7C41.92917,-72.62778"
151,280,287,7,"http://maps.google.com/maps/api/staticmap?size=500x500&sensor=false&maptype=road&markers=color%3Agreen%7Clabel%3A1%7C40.20139,-77.18917&markers=color%3Ared%7C41.49889,-72.90111&markers=color%3Agreen%7Clabel%3A2%7C40.20139,-77.18917&markers=color%3Ared%7Clabel%3A2%7C41.49889,-72.90111&markers=color%3Agreen%7Clabel%3A3%7C40.27361,-76.88472&markers=color%3Ared%7Clabel%3A3%7C41.383,-72.85&markers=color%3Agreen%7Clabel%3A4%7C39.9625,-76.72806&markers=color%3Ared%7Clabel%3A4%7C41.48167,-72.68167&markers=color%3Agreen%7Clabel%3A5%7C40.53944,-76.96111&markers=color%3Ared%7Clabel%3A5%7C41.82639,-72.73056"
152,364,372,8,"http://maps.google.com/maps/api/staticmap?size=500x500&sensor=false&maptype=road&markers=color%3Agreen%7Clabel%3A1%7C38.02306,-77.37361&markers=color%3Ared%7C41.59,-73.89&markers=color%3Agreen%7Clabel%3A2%7C38.02306,-77.37361&markers=color%3Ared%7Clabel%3A2%7C41.59,-73.89&markers=color%3Agreen%7Clabel%3A3%7C38.02306,-77.37361&markers=color%3Ared%7Clabel%3A3%7C41.59,-73.89&markers=color%3Agreen%7Clabel%3A4%7C38.02306,-77.37361&markers=color%3Ared%7Clabel%3A4%7C41.25639,-74.36028&markers=color%3Agreen%7Clabel%3A5%7C38.02306,-77.37361&markers=color%3Ared%7Clabel%3A5%7C41.25639,-74.36028"
168,266,267,1,"http://maps.google.com/maps/api/staticmap?size=500x500&sensor=false&maptype=road&markers=color%3Agreen%7Clabel%3A1%7C39.95222,-75.16417&markers=color%3Ared%7C37.35667,-77.44194&markers=color%3Agreen%7Clabel%3A2%7C39.95222,-75.16417&markers=color%3Ared%7Clabel%3A2%7C37.35667,-77.44194&markers=color%3Agreen%7Clabel%3A3%7C39.95222,-75.16417&markers=color%3Ared%7Clabel%3A3%7C37.35667,-77.44194&markers=color%3Agreen%7Clabel%3A4%7C39.92583,-75.12&markers=color%3Ared%7Clabel%3A4%7C37.35667,-77.44194&markers=color%3Agreen%7Clabel%3A5%7C39.89,-75.47583&markers=color%3Ared%7Clabel%3A5%7C37.60861,-77.37361"
178,268,267,-1,"http://maps.google.com/maps/api/staticmap?size=500x500&sensor=false&maptype=road&markers=color%3Agreen%7Clabel%3A1%7C39.92583,-75.12&markers=color%3Ared%7C37.35667,-77.44194&markers=color%3Agreen%7Clabel%3A2%7C39.92583,-75.12&markers=color%3Ared%7Clabel%3A2%7C37.35667,-77.44194&markers=color%3Agreen%7Clabel%3A3%7C39.95222,-75.16417&markers=color%3Ared%7Clabel%3A3%7C37.35667,-77.44194&markers=color%3Agreen%7Clabel%3A4%7C39.95222,-75.16417&markers=color%3Ared%7Clabel%3A4%7C37.35667,-77.44194&markers=color%3Agreen%7Clabel%3A5%7C39.89,-75.47583&markers=color%3Ared%7Clabel%3A5%7C37.60861,-77.37361"
181,128,128,0,"http://maps.google.com/maps/api/staticmap?size=500x500&sensor=false&maptype=road&markers=color%3Agreen%7Clabel%3A1%7C42.50833,-78.6675&markers=color%3Ared%7C43.63,-79.92&markers=color%3Agreen%7Clabel%3A2%7C42.50833,-78.6675&markers=color%3Ared%7Clabel%3A2%7C43.63,-79.92"
182,297,273,-24,"http://maps.google.com/maps/api/staticmap?size=500x500&sensor=false&maptype=road&markers=color%3Agreen%7Clabel%3A1%7C38.69417,-75.7725&markers=color%3Ared%7C41.68306,-74.66111&markers=color%3Agreen%7Clabel%3A2%7C38.69417,-75.7725&markers=color%3Ared%7Clabel%3A2%7C41.68306,-74.66111&markers=color%3Agreen%7Clabel%3A3%7C38.77417,-76.07667&markers=color%3Ared%7Clabel%3A3%7C41.70583,-75.76667&markers=color%3Agreen%7Clabel%3A4%7C38.77417,-76.07667&markers=color%3Ared%7Clabel%3A4%7C41.70583,-75.76667"
185,326,335,9,"http://maps.google.com/maps/api/staticmap?size=500x500&sensor=false&maptype=road&markers=color%3Agreen%7Clabel%3A1%7C39.92056,-78.95806&markers=color%3Ared%7C40.74972,-73.79806&markers=color%3Agreen%7Clabel%3A2%7C39.92056,-78.95806&markers=color%3Ared%7Clabel%3A2%7C40.74972,-73.79806&markers=color%3Agreen%7Clabel%3A3%7C40.51861,-78.395&markers=color%3Ared%7Clabel%3A3%7C40.72306,-73.91306&markers=color%3Agreen%7Clabel%3A4%7C40.32111,-79.37972&markers=color%3Ared%7Clabel%3A4%7C40.82556,-73.20306&markers=color%3Agreen%7Clabel%3A5%7C39.44083,-78.97417&markers=color%3Ared%7Clabel%3A5%7C40.35,-74.44"
211,561,561,0,"http://maps.google.com/maps/api/staticmap?size=500x500&sensor=false&maptype=road&markers=color%3Agreen%7Clabel%3A1%7C40.01778,-79.58972&markers=color%3Ared%7C42.45222,-71.1375&markers=color%3Agreen%7Clabel%3A2%7C40.01778,-79.58972&markers=color%3Ared%7Clabel%3A2%7C42.45222,-71.1375&markers=color%3Agreen%7Clabel%3A3%7C40.01778,-79.58972&markers=color%3Ared%7Clabel%3A3%7C42.45222,-71.1375"
213,344,350,6,"http://maps.google.com/maps/api/staticmap?size=500x500&sensor=false&maptype=road&markers=color%3Agreen%7Clabel%3A1%7C40.01778,-79.58972&markers=color%3Ared%7C37.71028,-76.38&markers=color%3Agreen%7Clabel%3A2%7C40.01778,-79.58972&markers=color%3Ared%7Clabel%3A2%7C37.71028,-76.38&markers=color%3Agreen%7Clabel%3A3%7C40.01778,-79.58972&markers=color%3Ared%7Clabel%3A3%7C37.71028,-76.38&markers=color%3Agreen%7Clabel%3A4%7C40.01778,-79.58972&markers=color%3Ared%7Clabel%3A4%7C37.55361,-77.46056&markers=color%3Agreen%7Clabel%3A5%7C40.01778,-79.58972&markers=color%3Ared%7Clabel%3A5%7C37.55361,-77.46056"
214,253,256,3,"http://maps.google.com/maps/api/staticmap?size=500x500&sensor=false&maptype=road&markers=color%3Agreen%7Clabel%3A1%7C40.21694,-74.74333&markers=color%3Ared%7C43.04806,-76.14778&markers=color%3Agreen%7Clabel%3A2%7C40.21694,-74.74333&markers=color%3Ared%7Clabel%3A2%7C43.04806,-76.14778&markers=color%3Agreen%7Clabel%3A3%7C40.11944,-74.80583&markers=color%3Ared%7Clabel%3A3%7C43.04806,-76.14778&markers=color%3Agreen%7Clabel%3A4%7C40.31611,-74.51417&markers=color%3Ared%7Clabel%3A4%7C43.04806,-76.14778&markers=color%3Agreen%7Clabel%3A5%7C40.51861,-74.4125&markers=color%3Ared%7Clabel%3A5%7C43.04806,-76.14778"
220,378,378,0,"http://maps.google.com/maps/api/staticmap?size=500x500&sensor=false&maptype=road&markers=color%3Agreen%7Clabel%3A1%7C42.12917,-80.08528&markers=color%3Ared%7C43.18,-73.74472&markers=color%3Agreen%7Clabel%3A2%7C42.12917,-80.08528&markers=color%3Ared%7Clabel%3A2%7C43.18,-73.74472"
222,570,570,0,"http://maps.google.com/maps/api/staticmap?size=500x500&sensor=false&maptype=road&markers=color%3Agreen%7Clabel%3A1%7C38.02306,-77.37361&markers=color%3Ared%7C35.04556,-85.30972&markers=color%3Agreen%7Clabel%3A2%7C38.02306,-77.37361&markers=color%3Ared%7Clabel%3A2%7C35.04556,-85.30972&markers=color%3Agreen%7Clabel%3A3%7C38.02306,-77.37361&markers=color%3Ared%7Clabel%3A3%7C35.04556,-85.30972"
223,445,445,0,"http://maps.google.com/maps/api/staticmap?size=500x500&sensor=false&maptype=road&markers=color%3Agreen%7Clabel%3A1%7C44.47583,-73.2125&markers=color%3Ared%7C40.19972,-76.73139&markers=color%3Agreen%7Clabel%3A2%7C44.47583,-73.2125&markers=color%3Ared%7Clabel%3A2%7C40.19972,-76.73139"
228,333,333,0,"http://maps.google.com/maps/api/staticmap?size=500x500&sensor=false&maptype=road&markers=color%3Agreen%7Clabel%3A1%7C40.51861,-74.4125&markers=color%3Ared%7C43.15472,-77.61583&markers=color%3Agreen%7Clabel%3A2%7C40.51861,-74.4125&markers=color%3Ared%7Clabel%3A2%7C43.15472,-77.61583"
234,626,626,0,"http://maps.google.com/maps/api/staticmap?size=500x500&sensor=false&maptype=road&markers=color%3Agreen%7Clabel%3A1%7C36.97861,-76.42833&markers=color%3Ared%7C42.52778,-70.92917&markers=color%3Agreen%7Clabel%3A2%7C36.97861,-76.42833&markers=color%3Ared%7Clabel%3A2%7C42.52778,-70.92917"
253,434,433,-1,"http://maps.google.com/maps/api/staticmap?size=500x500&sensor=false&maptype=road&markers=color%3Agreen%7Clabel%3A1%7C40.90389,-74.11889&markers=color%3Ared%7C44.1,-77.583&markers=color%3Agreen%7Clabel%3A2%7C40.90389,-74.11889&markers=color%3Ared%7Clabel%3A2%7C44.1,-77.583&markers=color%3Agreen%7Clabel%3A3%7C40.90389,-74.11889&markers=color%3Ared%7Clabel%3A3%7C44.1,-77.583"
282,625,625,0,"http://maps.google.com/maps/api/staticmap?size=500x500&sensor=false&maptype=road&markers=color%3Agreen%7Clabel%3A1%7C41.64139,-80.15167&markers=color%3Ared%7C44.46861,-71.18556&markers=color%3Agreen%7Clabel%3A2%7C41.64139,-80.15167&markers=color%3Ared%7Clabel%3A2%7C44.46861,-71.18556"
289,456,456,0,"http://maps.google.com/maps/api/staticmap?size=500x500&sensor=false&maptype=road&markers=color%3Agreen%7Clabel%3A1%7C39.84667,-75.71194&markers=color%3Ared%7C43.609,-79.506&markers=color%3Agreen%7Clabel%3A2%7C39.84667,-75.71194&markers=color%3Ared%7Clabel%3A2%7C43.609,-79.506&markers=color%3Agreen%7Clabel%3A3%7C39.48611,-75.02611&markers=color%3Ared%7Clabel%3A3%7C43.65,-79.383&markers=color%3Agreen%7Clabel%3A4%7C39.48611,-75.02611&markers=color%3Ared%7Clabel%3A4%7C43.65,-79.383&markers=color%3Agreen%7Clabel%3A5%7C39.48611,-75.02611&markers=color%3Ared%7Clabel%3A5%7C43.65,-79.383"
300,341,341,0,"http://maps.google.com/maps/api/staticmap?size=500x500&sensor=false&maptype=road&markers=color%3Agreen%7Clabel%3A1%7C40.33556,-75.92722&markers=color%3Ared%7C42.375,-71.10611&markers=color%3Agreen%7Clabel%3A2%7C40.33556,-75.92722&markers=color%3Ared%7Clabel%3A2%7C42.375,-71.10611&markers=color%3Agreen%7Clabel%3A3%7C40.33556,-75.92722&markers=color%3Ared%7Clabel%3A3%7C42.375,-71.10611&markers=color%3Agreen%7Clabel%3A4%7C40.03778,-76.30583&markers=color%3Ared%7Clabel%3A4%7C42.35833,-71.06028&markers=color%3Agreen%7Clabel%3A5%7C40.37444,-76.30306&markers=color%3Ared%7Clabel%3A5%7C42.22222,-71.0"
305,520,520,0,"http://maps.google.com/maps/api/staticmap?size=500x500&sensor=false&maptype=road&markers=color%3Agreen%7Clabel%3A1%7C38.92583,-79.84694&markers=color%3Ared%7C41.80056,-73.12167&markers=color%3Agreen%7Clabel%3A2%7C38.92583,-79.84694&markers=color%3Ared%7Clabel%3A2%7C41.80056,-73.12167&markers=color%3Agreen%7Clabel%3A3%7C38.92583,-79.84694&markers=color%3Ared%7Clabel%3A3%7C41.80056,-73.12167"
324,300,321,21,"http://maps.google.com/maps/api/staticmap?size=500x500&sensor=false&maptype=road&markers=color%3Agreen%7Clabel%3A1%7C40.41889,-80.58972&markers=color%3Ared%7C40.78389,-76.23056&markers=color%3Agreen%7Clabel%3A2%7C40.41889,-80.58972&markers=color%3Ared%7Clabel%3A2%7C40.78389,-76.23056&markers=color%3Agreen%7Clabel%3A3%7C40.01778,-79.58972&markers=color%3Ared%7Clabel%3A3%7C40.79,-76.55&markers=color%3Agreen%7Clabel%3A4%7C40.01778,-79.58972&markers=color%3Ared%7Clabel%3A4%7C40.79,-76.55&markers=color%3Agreen%7Clabel%3A5%7C40.01778,-79.58972&markers=color%3Ared%7Clabel%3A5%7C40.79,-76.55"
327,387,385,-2,"http://maps.google.com/maps/api/staticmap?size=500x500&sensor=false&maptype=road&markers=color%3Agreen%7Clabel%3A1%7C40.19972,-76.73139&markers=color%3Ared%7C43.583,-79.65&markers=color%3Agreen%7Clabel%3A2%7C40.19972,-76.73139&markers=color%3Ared%7Clabel%3A2%7C43.583,-79.65&markers=color%3Agreen%7Clabel%3A3%7C40.19972,-76.73139&markers=color%3Ared%7Clabel%3A3%7C43.583,-79.65&markers=color%3Agreen%7Clabel%3A4%7C39.84667,-75.71194&markers=color%3Ared%7Clabel%3A4%7C43.609,-79.506&markers=color%3Agreen%7Clabel%3A5%7C40.383,-77.867&markers=color%3Ared%7Clabel%3A5%7C43.65,-79.383"
328,65,62,-3,"http://maps.google.com/maps/api/staticmap?size=500x500&sensor=false&maptype=road&markers=color%3Agreen%7Clabel%3A1%7C39.95222,-75.16417&markers=color%3Ared%7C40.23306,-76.1375&markers=color%3Agreen%7Clabel%3A2%7C39.95222,-75.16417&markers=color%3Ared%7Clabel%3A2%7C40.23306,-76.1375&markers=color%3Agreen%7Clabel%3A3%7C39.95222,-75.16417&markers=color%3Ared%7Clabel%3A3%7C40.27361,-76.88472&markers=color%3Agreen%7Clabel%3A4%7C39.95222,-75.16417&markers=color%3Ared%7Clabel%3A4%7C40.14389,-75.11611&markers=color%3Agreen%7Clabel%3A5%7C39.15806,-75.52472&markers=color%3Ared%7Clabel%3A5%7C40.23306,-76.1375"
355,317,321,4,"http://maps.google.com/maps/api/staticmap?size=500x500&sensor=false&maptype=road&markers=color%3Agreen%7Clabel%3A1%7C40.35417,-80.14&markers=color%3Ared%7C43.6,-80.05&markers=color%3Agreen%7Clabel%3A2%7C40.35417,-80.14&markers=color%3Ared%7Clabel%3A2%7C43.6,-80.05&markers=color%3Agreen%7Clabel%3A3%7C40.35417,-80.14&markers=color%3Ared%7Clabel%3A3%7C43.6,-80.05&markers=color%3Agreen%7Clabel%3A4%7C40.35417,-80.14&markers=color%3Ared%7Clabel%3A4%7C43.6,-80.05&markers=color%3Agreen%7Clabel%3A5%7C40.01778,-79.58972&markers=color%3Ared%7Clabel%3A5%7C43.25,-79.85"
387,135,141,6,"http://maps.google.com/maps/api/staticmap?size=500x500&sensor=false&maptype=road&markers=color%3Agreen%7Clabel%3A1%7C42.02722,-73.32972&markers=color%3Ared%7C40.617,-74.1&markers=color%3Agreen%7Clabel%3A2%7C42.02722,-73.32972&markers=color%3Ared%7Clabel%3A2%7C40.617,-74.1&markers=color%3Agreen%7Clabel%3A3%7C42.02722,-73.32972&markers=color%3Ared%7Clabel%3A3%7C40.617,-74.1&markers=color%3Agreen%7Clabel%3A4%7C42.02722,-73.32972&markers=color%3Ared%7Clabel%3A4%7C40.617,-74.1&markers=color%3Agreen%7Clabel%3A5%7C42.125,-72.75&markers=color%3Ared%7Clabel%3A5%7C40.82222,-74.16028"
392,516,517,1,"http://maps.google.com/maps/api/staticmap?size=500x500&sensor=false&maptype=road&markers=color%3Agreen%7Clabel%3A1%7C43.65,-79.383&markers=color%3Ared%7C41.22222,-73.05694&markers=color%3Agreen%7Clabel%3A2%7C43.65,-79.383&markers=color%3Ared%7Clabel%3A2%7C41.22222,-73.05694&markers=color%3Agreen%7Clabel%3A3%7C43.65,-79.383&markers=color%3Ared%7Clabel%3A3%7C40.85278,-74.0425"
396,322,329,7,"http://maps.google.com/maps/api/staticmap?size=500x500&sensor=false&maptype=road&markers=color%3Agreen%7Clabel%3A1%7C43.9,-79.133&markers=color%3Ared%7C45.5,-73.6&markers=color%3Agreen%7Clabel%3A2%7C43.9,-79.133&markers=color%3Ared%7Clabel%3A2%7C45.5,-73.6&markers=color%3Agreen%7Clabel%3A3%7C43.9,-79.133&markers=color%3Ared%7Clabel%3A3%7C45.5,-73.6&markers=color%3Agreen%7Clabel%3A4%7C43.9,-79.133&markers=color%3Ared%7Clabel%3A4%7C45.5,-73.6&markers=color%3Agreen%7Clabel%3A5%7C44.35,-78.733&markers=color%3Ared%7Clabel%3A5%7C45.5,-73.6"
421,272,272,0,"http://maps.google.com/maps/api/staticmap?size=500x500&sensor=false&maptype=road&markers=color%3Agreen%7Clabel%3A1%7C42.0775,-73.95333&markers=color%3Ared%7C45.5,-73.6&markers=color%3Agreen%7Clabel%3A2%7C42.0775,-73.95333&markers=color%3Ared%7Clabel%3A2%7C45.5,-73.6"
457,959,959,0,"http://maps.google.com/maps/api/staticmap?size=500x500&sensor=false&maptype=road&markers=color%3Agreen%7Clabel%3A1%7C42.12361,-71.17917&markers=color%3Ared%7C39.48056,-86.055&markers=color%3Agreen%7Clabel%3A2%7C42.12361,-71.17917&markers=color%3Ared%7Clabel%3A2%7C39.48056,-86.055"
481,202,204,2,"http://maps.google.com/maps/api/staticmap?size=500x500&sensor=false&maptype=road&markers=color%3Agreen%7Clabel%3A1%7C39.29028,-76.6125&markers=color%3Ared%7C40.85833,-74.16417&markers=color%3Agreen%7Clabel%3A2%7C39.29028,-76.6125&markers=color%3Ared%7Clabel%3A2%7C40.85833,-74.16417&markers=color%3Agreen%7Clabel%3A3%7C39.29028,-76.6125&markers=color%3Ared%7Clabel%3A3%7C40.85833,-74.16417&markers=color%3Agreen%7Clabel%3A4%7C39.29028,-76.6125&markers=color%3Ared%7Clabel%3A4%7C40.85833,-74.16417&markers=color%3Agreen%7Clabel%3A5%7C39.54917,-77.20722&markers=color%3Ared%7Clabel%3A5%7C40.74472,-73.94917"
485,202,202,0,"http://maps.google.com/maps/api/staticmap?size=500x500&sensor=false&maptype=road&markers=color%3Agreen%7Clabel%3A1%7C43.80917,-76.02444&markers=color%3Ared%7C42.88639,-78.87861&markers=color%3Agreen%7Clabel%3A2%7C43.80917,-76.02444&markers=color%3Ared%7Clabel%3A2%7C42.88639,-78.87861"
487,224,229,5,"http://maps.google.com/maps/api/staticmap?size=500x500&sensor=false&maptype=road&markers=color%3Agreen%7Clabel%3A1%7C39.83028,-75.24083&markers=color%3Ared%7C41.77583,-72.52194&markers=color%3Agreen%7Clabel%3A2%7C39.83028,-75.24083&markers=color%3Ared%7Clabel%3A2%7C41.77583,-72.52194&markers=color%3Agreen%7Clabel%3A3%7C39.83028,-75.24083&markers=color%3Ared%7Clabel%3A3%7C41.77583,-72.52194&markers=color%3Agreen%7Clabel%3A4%7C39.83028,-75.24083&markers=color%3Ared%7Clabel%3A4%7C41.77583,-72.52194&markers=color%3Agreen%7Clabel%3A5%7C40.03611,-75.51417&markers=color%3Ared%7Clabel%3A5%7C42.125,-72.75"
492,866,865,-1,"http://maps.google.com/maps/api/staticmap?size=500x500&sensor=false&maptype=road&markers=color%3Agreen%7Clabel%3A1%7C45.5,-73.6&markers=color%3Ared%7C35.99389,-78.89889&markers=color%3Agreen%7Clabel%3A2%7C45.5,-73.6&markers=color%3Ared%7Clabel%3A2%7C35.99389,-78.89889"
507,581,581,0,"http://maps.google.com/maps/api/staticmap?size=500x500&sensor=false&maptype=road&markers=color%3Agreen%7Clabel%3A1%7C40.44056,-79.99611&markers=color%3Ared%7C36.52972,-87.35944&markers=color%3Agreen%7Clabel%3A2%7C40.44056,-79.99611&markers=color%3Ared%7Clabel%3A2%7C36.52972,-87.35944"
516,681,681,0,"http://maps.google.com/maps/api/staticmap?size=500x500&sensor=false&maptype=road&markers=color%3Agreen%7Clabel%3A1%7C41.083,-75.0&markers=color%3Ared%7C37.88056,-84.57306&markers=color%3Agreen%7Clabel%3A2%7C41.083,-75.0&markers=color%3Ared%7Clabel%3A2%7C37.88056,-84.57306&markers=color%3Agreen%7Clabel%3A3%7C41.083,-75.0&markers=color%3Ared%7Clabel%3A3%7C37.88056,-84.57306"
526,1235,1235,0,"http://maps.google.com/maps/api/staticmap?size=500x500&sensor=false&maptype=road&markers=color%3Agreen%7Clabel%3A1%7C44.59278,-70.22861&markers=color%3Ared%7C33.98861,-83.89806&markers=color%3Agreen%7Clabel%3A2%7C44.59278,-70.22861&markers=color%3Ared%7Clabel%3A2%7C33.98861,-83.89806"
529,624,624,0,"http://maps.google.com/maps/api/staticmap?size=500x500&sensor=false&maptype=road&markers=color%3Agreen%7Clabel%3A1%7C39.92583,-75.12&markers=color%3Ared%7C35.96056,-83.92083&markers=color%3Agreen%7Clabel%3A2%7C39.92583,-75.12&markers=color%3Ared%7Clabel%3A2%7C35.96056,-83.92083"
534,456,456,0,"http://maps.google.com/maps/api/staticmap?size=500x500&sensor=false&maptype=road&markers=color%3Agreen%7Clabel%3A1%7C39.44083,-78.97417&markers=color%3Ared%7C39.76833,-86.15806&markers=color%3Agreen%7Clabel%3A2%7C39.44083,-78.97417&markers=color%3Ared%7Clabel%3A2%7C39.76833,-86.15806"
536,961,964,3,"http://maps.google.com/maps/api/staticmap?size=500x500&sensor=false&maptype=road&markers=color%3Agreen%7Clabel%3A1%7C43.517,-79.883&markers=color%3Ared%7C32.77639,-79.93111&markers=color%3Agreen%7Clabel%3A2%7C43.517,-79.883&markers=color%3Ared%7Clabel%3A2%7C32.77639,-79.93111&markers=color%3Agreen%7Clabel%3A3%7C43.583,-79.65&markers=color%3Ared%7Clabel%3A3%7C32.98083,-80.03278"
598,1375,1375,0,"http://maps.google.com/maps/api/staticmap?size=500x500&sensor=false&maptype=road&markers=color%3Agreen%7Clabel%3A1%7C42.35833,-71.06028&markers=color%3Ared%7C42.483,-94.167&markers=color%3Agreen%7Clabel%3A2%7C42.35833,-71.06028&markers=color%3Ared%7Clabel%3A2%7C42.483,-94.167"
600,730,732,2,"http://maps.google.com/maps/api/staticmap?size=500x500&sensor=false&maptype=road&markers=color%3Agreen%7Clabel%3A1%7C40.26444,-75.80444&markers=color%3Ared%7C41.86389,-87.85333&markers=color%3Agreen%7Clabel%3A2%7C40.26444,-75.80444&markers=color%3Ared%7Clabel%3A2%7C41.86389,-87.85333&markers=color%3Agreen%7Clabel%3A3%7C40.26444,-75.80444&markers=color%3Ared%7Clabel%3A3%7C41.85,-87.65&markers=color%3Agreen%7Clabel%3A4%7C39.71361,-75.60972&markers=color%3Ared%7Clabel%3A4%7C41.85,-87.65&markers=color%3Agreen%7Clabel%3A5%7C39.66194,-75.56667&markers=color%3Ared%7Clabel%3A5%7C41.85,-87.65"
621,1158,1158,0,"http://maps.google.com/maps/api/staticmap?size=500x500&sensor=false&maptype=road&markers=color%3Agreen%7Clabel%3A1%7C44.26028,-72.05528&markers=color%3Ared%7C42.34972,-90.00667&markers=color%3Agreen%7Clabel%3A2%7C44.26028,-72.05528&markers=color%3Ared%7Clabel%3A2%7C42.34972,-90.00667&markers=color%3Agreen%7Clabel%3A3%7C44.26028,-72.05528&markers=color%3Ared%7Clabel%3A3%7C42.34972,-90.00667"
623,558,558,0,"http://maps.google.com/maps/api/staticmap?size=500x500&sensor=false&maptype=road&markers=color%3Agreen%7Clabel%3A1%7C42.08972,-76.80806&markers=color%3Ared%7C42.62361,-85.76028&markers=color%3Agreen%7Clabel%3A2%7C42.08972,-76.80806&markers=color%3Ared%7Clabel%3A2%7C42.62361,-85.76028"
628,674,682,8,"http://maps.google.com/maps/api/staticmap?size=500x500&sensor=false&maptype=road&markers=color%3Agreen%7Clabel%3A1%7C41.42778,-78.56111&markers=color%3Ared%7C40.14833,-89.36472&markers=color%3Agreen%7Clabel%3A2%7C41.42778,-78.56111&markers=color%3Ared%7Clabel%3A2%7C40.14833,-89.36472&markers=color%3Agreen%7Clabel%3A3%7C41.42778,-78.56111&markers=color%3Ared%7Clabel%3A3%7C40.14833,-89.36472&markers=color%3Agreen%7Clabel%3A4%7C42.11861,-79.19861&markers=color%3Ared%7Clabel%3A4%7C40.51417,-88.99056"
630,744,750,6,"http://maps.google.com/maps/api/staticmap?size=500x500&sensor=false&maptype=road&markers=color%3Agreen%7Clabel%3A1%7C39.71361,-75.60972&markers=color%3Ared%7C41.85,-87.65&markers=color%3Agreen%7Clabel%3A2%7C39.71361,-75.60972&markers=color%3Ared%7Clabel%3A2%7C41.85,-87.65&markers=color%3Agreen%7Clabel%3A3%7C39.66194,-75.56667&markers=color%3Ared%7Clabel%3A3%7C41.85,-87.65&markers=color%3Agreen%7Clabel%3A4%7C39.50944,-76.16444&markers=color%3Ared%7Clabel%3A4%7C41.85,-87.65&markers=color%3Agreen%7Clabel%3A5%7C39.48611,-75.02611&markers=color%3Ared%7Clabel%3A5%7C41.85,-87.65"
639,688,680,-8,"http://maps.google.com/maps/api/staticmap?size=500x500&sensor=false&maptype=road&markers=color%3Agreen%7Clabel%3A1%7C41.24583,-75.88167&markers=color%3Ared%7C41.85,-87.65&markers=color%3Agreen%7Clabel%3A2%7C41.24583,-75.88167&markers=color%3Ared%7Clabel%3A2%7C41.85,-87.65&markers=color%3Agreen%7Clabel%3A3%7C41.17028,-76.87722&markers=color%3Ared%7Clabel%3A3%7C41.66889,-87.73861"
641,86,92,6,"http://maps.google.com/maps/api/staticmap?size=500x500&sensor=false&maptype=road&markers=color%3Agreen%7Clabel%3A1%7C40.29,-76.93417&markers=color%3Ared%7C39.29028,-76.6125&markers=color%3Agreen%7Clabel%3A2%7C40.29,-76.93417&markers=color%3Ared%7Clabel%3A2%7C39.29028,-76.6125&markers=color%3Agreen%7Clabel%3A3%7C40.27361,-76.88472&markers=color%3Ared%7Clabel%3A3%7C39.29028,-76.6125&markers=color%3Agreen%7Clabel%3A4%7C40.78389,-76.23056&markers=color%3Ared%7Clabel%3A4%7C39.37194,-77.27222&markers=color%3Agreen%7Clabel%3A5%7C39.40361,-76.95056&markers=color%3Ared%7Clabel%3A5%7C38.96694,-76.86222"
643,655,630,-25,"http://maps.google.com/maps/api/staticmap?size=500x500&sensor=false&maptype=road&markers=color%3Agreen%7Clabel%3A1%7C39.74583,-75.54694&markers=color%3Ared%7C40.48722,-85.61306&markers=color%3Agreen%7Clabel%3A2%7C39.74583,-75.54694&markers=color%3Ared%7Clabel%3A2%7C40.48722,-85.61306&markers=color%3Agreen%7Clabel%3A3%7C39.74583,-75.54694&markers=color%3Ared%7Clabel%3A3%7C39.76833,-86.15806&markers=color%3Agreen%7Clabel%3A4%7C40.33556,-75.92722&markers=color%3Ared%7Clabel%3A4%7C40.10278,-84.63306"
645,158,156,-2,"http://maps.google.com/maps/api/staticmap?size=500x500&sensor=false&maptype=road&markers=color%3Agreen%7Clabel%3A1%7C38.96944,-77.38639&markers=color%3Ared%7C39.95222,-75.16417&markers=color%3Agreen%7Clabel%3A2%7C38.96944,-77.38639&markers=color%3Ared%7Clabel%3A2%7C39.95222,-75.16417&markers=color%3Agreen%7Clabel%3A3%7C38.917,-76.983&markers=color%3Ared%7Clabel%3A3%7C39.95222,-75.16417&markers=color%3Agreen%7Clabel%3A4%7C38.95583,-76.94583&markers=color%3Ared%7Clabel%3A4%7C39.95222,-75.16417&markers=color%3Agreen%7Clabel%3A5%7C39.18556,-78.16361&markers=color%3Ared%7Clabel%3A5%7C40.05056,-74.95389"
649,183,192,9,"http://maps.google.com/maps/api/staticmap?size=500x500&sensor=false&maptype=road&markers=color%3Agreen%7Clabel%3A1%7C40.8,-74.0&markers=color%3Ared%7C39.32,-76.51583&markers=color%3Agreen%7Clabel%3A2%7C40.8,-74.0&markers=color%3Ared%7Clabel%3A2%7C39.32,-76.51583&markers=color%3Agreen%7Clabel%3A3%7C40.73556,-74.17278&markers=color%3Ared%7Clabel%3A3%7C39.6,-75.94167&markers=color%3Agreen%7Clabel%3A4%7C40.49917,-74.39944&markers=color%3Ared%7Clabel%3A4%7C39.50944,-76.16444&markers=color%3Agreen%7Clabel%3A5%7C40.7,-74.0&markers=color%3Ared%7Clabel%3A5%7C40.135,-76.86"
666,1187,1187,0,"http://maps.google.com/maps/api/staticmap?size=500x500&sensor=false&maptype=road&markers=color%3Agreen%7Clabel%3A1%7C42.83528,-71.64944&markers=color%3Ared%7C45.63667,-89.41194&markers=color%3Agreen%7Clabel%3A2%7C42.83528,-71.64944&markers=color%3Ared%7Clabel%3A2%7C45.63667,-89.41194"
694,742,742,0,"http://maps.google.com/maps/api/staticmap?size=500x500&sensor=false&maptype=road&markers=color%3Agreen%7Clabel%3A1%7C39.92583,-75.12&markers=color%3Ared%7C42.7875,-86.10889&markers=color%3Agreen%7Clabel%3A2%7C39.92583,-75.12&markers=color%3Ared%7Clabel%3A2%7C42.7875,-86.10889"
698,1662,1661,-1,"http://maps.google.com/maps/api/staticmap?size=500x500&sensor=false&maptype=road&markers=color%3Agreen%7Clabel%3A1%7C43.65,-79.383&markers=color%3Ared%7C50.45,-104.617&markers=color%3Agreen%7Clabel%3A2%7C43.65,-79.383&markers=color%3Ared%7Clabel%3A2%7C50.45,-104.617"
701,1840,1840,0,"http://maps.google.com/maps/api/staticmap?size=500x500&sensor=false&maptype=road&markers=color%3Agreen%7Clabel%3A1%7C45.5,-73.6&markers=color%3Ared%7C50.45,-104.617&markers=color%3Agreen%7Clabel%3A2%7C45.5,-73.6&markers=color%3Ared%7Clabel%3A2%7C50.45,-104.617"
710,1058,1058,0,"http://maps.google.com/maps/api/staticmap?size=500x500&sensor=false&maptype=road&markers=color%3Agreen%7Clabel%3A1%7C44.47528,-70.18861&markers=color%3Ared%7C41.61,-87.64667&markers=color%3Agreen%7Clabel%3A2%7C44.47528,-70.18861&markers=color%3Ared%7Clabel%3A2%7C41.61,-87.64667"
712,399,399,0,"http://maps.google.com/maps/api/staticmap?size=500x500&sensor=false&maptype=road&markers=color%3Agreen%7Clabel%3A1%7C44.05,-79.467&markers=color%3Ared%7C43.16083,-85.71&markers=color%3Agreen%7Clabel%3A2%7C44.05,-79.467&markers=color%3Ared%7Clabel%3A2%7C43.16083,-85.71"
718,719,713,-6,"http://maps.google.com/maps/api/staticmap?size=500x500&sensor=false&maptype=road&markers=color%3Agreen%7Clabel%3A1%7C39.19278,-76.72444&markers=color%3Ared%7C42.03333,-87.88333&markers=color%3Agreen%7Clabel%3A2%7C39.19278,-76.72444&markers=color%3Ared%7Clabel%3A2%7C42.03333,-87.88333&markers=color%3Agreen%7Clabel%3A3%7C39.29028,-76.6125&markers=color%3Ared%7Clabel%3A3%7C41.85,-87.65&markers=color%3Agreen%7Clabel%3A4%7C39.29028,-76.6125&markers=color%3Ared%7Clabel%3A4%7C41.85,-87.65&markers=color%3Agreen%7Clabel%3A5%7C39.29028,-76.6125&markers=color%3Ared%7Clabel%3A5%7C41.59333,-87.34639"
730,938,938,0,"http://maps.google.com/maps/api/staticmap?size=500x500&sensor=false&maptype=road&markers=color%3Agreen%7Clabel%3A1%7C45.5,-73.6&markers=color%3Ared%7C42.27111,-89.09389&markers=color%3Agreen%7Clabel%3A2%7C45.5,-73.6&markers=color%3Ared%7Clabel%3A2%7C42.27111,-89.09389"
748,1197,1189,-8,"http://maps.google.com/maps/api/staticmap?size=500x500&sensor=false&maptype=road&markers=color%3Agreen%7Clabel%3A1%7C40.66389,-74.21111&markers=color%3Ared%7C39.09972,-94.57833&markers=color%3Agreen%7Clabel%3A2%7C40.66389,-74.21111&markers=color%3Ared%7Clabel%3A2%7C39.09972,-94.57833&markers=color%3Agreen%7Clabel%3A3%7C40.68833,-75.22111&markers=color%3Ared%7Clabel%3A3%7C39.09972,-94.57833"
752,541,526,-15,"http://maps.google.com/maps/api/staticmap?size=500x500&sensor=false&maptype=road&markers=color%3Agreen%7Clabel%3A1%7C41.11611,-79.18694&markers=color%3Ared%7C42.36361,-87.84472&markers=color%3Agreen%7Clabel%3A2%7C41.11611,-79.18694&markers=color%3Ared%7Clabel%3A2%7C42.36361,-87.84472&markers=color%3Agreen%7Clabel%3A3%7C41.11611,-79.18694&markers=color%3Ared%7Clabel%3A3%7C42.36361,-87.84472&markers=color%3Agreen%7Clabel%3A4%7C41.00361,-80.34722&markers=color%3Ared%7Clabel%3A4%7C42.44361,-88.23639&markers=color%3Agreen%7Clabel%3A5%7C40.49333,-79.86083&markers=color%3Ared%7Clabel%3A5%7C41.51194,-87.96556"
774,648,660,12,"http://maps.google.com/maps/api/staticmap?size=500x500&sensor=false&maptype=road&markers=color%3Agreen%7Clabel%3A1%7C40.66389,-74.21111&markers=color%3Ared%7C43.0125,-83.6875&markers=color%3Agreen%7Clabel%3A2%7C40.66389,-74.21111&markers=color%3Ared%7Clabel%3A2%7C43.0125,-83.6875&markers=color%3Agreen%7Clabel%3A3%7C40.66389,-74.21111&markers=color%3Ared%7Clabel%3A3%7C42.36833,-83.35278&markers=color%3Agreen%7Clabel%3A4%7C40.7325,-73.44583&markers=color%3Ared%7Clabel%3A4%7C43.85361,-83.965"
776,1415,1415,0,"http://maps.google.com/maps/api/staticmap?size=500x500&sensor=false&maptype=road&markers=color%3Agreen%7Clabel%3A1%7C40.44056,-79.99611&markers=color%3Ared%7C30.26694,-97.74278&markers=color%3Agreen%7Clabel%3A2%7C40.44056,-79.99611&markers=color%3Ared%7Clabel%3A2%7C30.26694,-97.74278"
785,1300,1301,1,"http://maps.google.com/maps/api/staticmap?size=500x500&sensor=false&maptype=road&markers=color%3Agreen%7Clabel%3A1%7C41.76028,-81.14111&markers=color%3Ared%7C31.67972,-96.48194&markers=color%3Agreen%7Clabel%3A2%7C41.76028,-81.14111&markers=color%3Ared%7Clabel%3A2%7C31.67972,-96.48194&markers=color%3Agreen%7Clabel%3A3%7C41.76028,-81.14111&markers=color%3Ared%7Clabel%3A3%7C31.67972,-96.48194&markers=color%3Agreen%7Clabel%3A4%7C41.76028,-81.14111&markers=color%3Ared%7Clabel%3A4%7C31.67972,-96.48194&markers=color%3Agreen%7Clabel%3A5%7C41.76028,-81.14111&markers=color%3Ared%7Clabel%3A5%7C31.67972,-96.48194"
828,257,262,5,"http://maps.google.com/maps/api/staticmap?size=500x500&sensor=false&maptype=road&markers=color%3Agreen%7Clabel%3A1%7C34.8525,-82.39417&markers=color%3Ared%7C32.08333,-81.1&markers=color%3Agreen%7Clabel%3A2%7C34.8525,-82.39417&markers=color%3Ared%7Clabel%3A2%7C32.08333,-81.1&markers=color%3Agreen%7Clabel%3A3%7C34.93861,-82.22722&markers=color%3Ared%7Clabel%3A3%7C32.11528,-81.24722"
853,761,761,0,"http://maps.google.com/maps/api/staticmap?size=500x500&sensor=false&maptype=road&markers=color%3Agreen%7Clabel%3A1%7C35.79722,-84.25611&markers=color%3Ared%7C27.19722,-80.25306&markers=color%3Agreen%7Clabel%3A2%7C35.79722,-84.25611&markers=color%3Ared%7Clabel%3A2%7C27.19722,-80.25306"
856,274,274,0,"http://maps.google.com/maps/api/staticmap?size=500x500&sensor=false&maptype=road&markers=color%3Agreen%7Clabel%3A1%7C35.60556,-85.18889&markers=color%3Ared%7C32.46083,-84.98778&markers=color%3Agreen%7Clabel%3A2%7C35.60556,-85.18889&markers=color%3Ared%7Clabel%3A2%7C32.46083,-84.98778&markers=color%3Agreen%7Clabel%3A3%7C35.60556,-85.18889&markers=color%3Ared%7Clabel%3A3%7C32.46083,-84.98778"
865,818,818,0,"http://maps.google.com/maps/api/staticmap?size=500x500&sensor=false&maptype=road&markers=color%3Agreen%7Clabel%3A1%7C35.93806,-77.79083&markers=color%3Ared%7C26.117,-80.133&markers=color%3Agreen%7Clabel%3A2%7C35.93806,-77.79083&markers=color%3Ared%7Clabel%3A2%7C26.117,-80.133"
874,741,747,6,"http://maps.google.com/maps/api/staticmap?size=500x500&sensor=false&maptype=road&markers=color%3Agreen%7Clabel%3A1%7C41.805,-80.94833&markers=color%3Ared%7C33.96083,-83.37806&markers=color%3Agreen%7Clabel%3A2%7C41.805,-80.94833&markers=color%3Ared%7Clabel%3A2%7C33.96083,-83.37806&markers=color%3Agreen%7Clabel%3A3%7C41.49944,-81.69556&markers=color%3Ared%7Clabel%3A3%7C33.74889,-84.38806&markers=color%3Agreen%7Clabel%3A4%7C41.08139,-81.51917&markers=color%3Ared%7Clabel%3A4%7C33.74889,-84.38806"
875,442,433,-9,"http://maps.google.com/maps/api/staticmap?size=500x500&sensor=false&maptype=road&markers=color%3Agreen%7Clabel%3A1%7C36.09972,-80.24444&markers=color%3Ared%7C36.01556,-86.58194&markers=color%3Agreen%7Clabel%3A2%7C36.09972,-80.24444&markers=color%3Ared%7Clabel%3A2%7C36.01556,-86.58194&markers=color%3Agreen%7Clabel%3A3%7C35.95556,-80.00556&markers=color%3Ared%7Clabel%3A3%7C36.16583,-86.78444&markers=color%3Agreen%7Clabel%3A4%7C35.58472,-80.81028&markers=color%3Ared%7Clabel%3A4%7C36.16583,-86.78444&markers=color%3Agreen%7Clabel%3A5%7C35.58472,-80.81028&markers=color%3Ared%7Clabel%3A5%7C36.52972,-87.35944"
880,646,633,-13,"http://maps.google.com/maps/api/staticmap?size=500x500&sensor=false&maptype=road&markers=color%3Agreen%7Clabel%3A1%7C36.09556,-79.43806&markers=color%3Ared%7C28.53806,-81.37944&markers=color%3Agreen%7Clabel%3A2%7C36.09556,-79.43806&markers=color%3Ared%7Clabel%3A2%7C28.53806,-81.37944&markers=color%3Agreen%7Clabel%3A3%7C36.09556,-79.43806&markers=color%3Ared%7Clabel%3A3%7C28.05,-81.95&markers=color%3Agreen%7Clabel%3A4%7C36.11306,-79.47667&markers=color%3Ared%7Clabel%3A4%7C28.01833,-82.11306&markers=color%3Agreen%7Clabel%3A5%7C35.91278,-79.71778&markers=color%3Ared%7Clabel%3A5%7C27.74556,-81.53083"
883,384,380,-4,"http://maps.google.com/maps/api/staticmap?size=500x500&sensor=false&maptype=road&markers=color%3Agreen%7Clabel%3A1%7C34.02333,-84.61556&markers=color%3Ared%7C30.33194,-81.65583&markers=color%3Agreen%7Clabel%3A2%7C34.02333,-84.61556&markers=color%3Ared%7Clabel%3A2%7C30.33194,-81.65583&markers=color%3Agreen%7Clabel%3A3%7C34.02333,-84.61556&markers=color%3Ared%7Clabel%3A3%7C30.33194,-81.65583&markers=color%3Agreen%7Clabel%3A4%7C33.74889,-84.38806&markers=color%3Ared%7Clabel%3A4%7C30.33194,-81.65583&markers=color%3Agreen%7Clabel%3A5%7C33.74889,-84.38806&markers=color%3Ared%7Clabel%3A5%7C30.33194,-81.65583"
884,475,490,15,"http://maps.google.com/maps/api/staticmap?size=500x500&sensor=false&maptype=road&markers=color%3Agreen%7Clabel%3A1%7C33.19583,-80.01333&markers=color%3Ared%7C27.94722,-82.45861&markers=color%3Agreen%7Clabel%3A2%7C33.19583,-80.01333&markers=color%3Ared%7Clabel%3A2%7C27.94722,-82.45861&markers=color%3Agreen%7Clabel%3A3%7C33.09639,-79.80361&markers=color%3Ared%7Clabel%3A3%7C27.94722,-82.45861&markers=color%3Agreen%7Clabel%3A4%7C33.09639,-79.80361&markers=color%3Ared%7Clabel%3A4%7C27.90111,-81.58611"
897,336,336,0,"http://maps.google.com/maps/api/staticmap?size=500x500&sensor=false&maptype=road&markers=color%3Agreen%7Clabel%3A1%7C34.94944,-81.93222&markers=color%3Ared%7C32.36667,-86.3&markers=color%3Agreen%7Clabel%3A2%7C34.94944,-81.93222&markers=color%3Ared%7Clabel%3A2%7C32.36667,-86.3"
900,333,336,3,"http://maps.google.com/maps/api/staticmap?size=500x500&sensor=false&maptype=road&markers=color%3Agreen%7Clabel%3A1%7C33.74889,-84.38806&markers=color%3Ared%7C36.0725,-79.79222&markers=color%3Agreen%7Clabel%3A2%7C33.74889,-84.38806&markers=color%3Ared%7Clabel%3A2%7C36.0725,-79.79222&markers=color%3Agreen%7Clabel%3A3%7C33.74889,-84.38806&markers=color%3Ared%7Clabel%3A3%7C35.95556,-80.00556"
906,67,69,2,"http://maps.google.com/maps/api/staticmap?size=500x500&sensor=false&maptype=road&markers=color%3Agreen%7Clabel%3A1%7C32.95889,-81.23667&markers=color%3Ared%7C32.11417,-81.15417&markers=color%3Agreen%7Clabel%3A2%7C32.95889,-81.23667&markers=color%3Ared%7Clabel%3A2%7C32.11417,-81.15417&markers=color%3Agreen%7Clabel%3A3%7C33.53083,-80.57222&markers=color%3Ared%7Clabel%3A3%7C32.43139,-80.67"
924,386,387,1,"http://maps.google.com/maps/api/staticmap?size=500x500&sensor=false&maptype=road&markers=color%3Agreen%7Clabel%3A1%7C32.37944,-81.66333&markers=color%3Ared%7C27.63806,-81.82417&markers=color%3Agreen%7Clabel%3A2%7C32.37944,-81.66333&markers=color%3Ared%7Clabel%3A2%7C27.63806,-81.82417&markers=color%3Agreen%7Clabel%3A3%7C32.37944,-81.66333&markers=color%3Ared%7Clabel%3A3%7C27.63806,-81.82417&markers=color%3Agreen%7Clabel%3A4%7C32.37944,-81.66333&markers=color%3Ared%7Clabel%3A4%7C28.16111,-81.60194&markers=color%3Agreen%7Clabel%3A5%7C32.37944,-81.66333&markers=color%3Ared%7Clabel%3A5%7C28.16111,-81.60194"
928,643,631,-12,"http://maps.google.com/maps/api/staticmap?size=500x500&sensor=false&maptype=road&markers=color%3Agreen%7Clabel%3A1%7C34.17806,-79.40083&markers=color%3Ared%7C26.31806,-80.1&markers=color%3Agreen%7Clabel%3A2%7C34.17806,-79.40083&markers=color%3Ared%7Clabel%3A2%7C26.31806,-80.1&markers=color%3Agreen%7Clabel%3A3%7C34.29972,-79.87639&markers=color%3Ared%7Clabel%3A3%7C26.117,-80.133&markers=color%3Agreen%7Clabel%3A4%7C34.41639,-79.37139&markers=color%3Ared%7Clabel%3A4%7C26.775,-80.05833&markers=color%3Agreen%7Clabel%3A5%7C33.92028,-80.34167&markers=color%3Ared%7Clabel%3A5%7C26.117,-80.133"
931,589,605,16,"http://maps.google.com/maps/api/staticmap?size=500x500&sensor=false&maptype=road&markers=color%3Agreen%7Clabel%3A1%7C34.8525,-82.39417&markers=color%3Ared%7C27.89611,-81.84333&markers=color%3Agreen%7Clabel%3A2%7C34.8525,-82.39417&markers=color%3Ared%7Clabel%3A2%7C27.89611,-81.84333&markers=color%3Agreen%7Clabel%3A3%7C34.50333,-82.65028&markers=color%3Ared%7Clabel%3A3%7C28.05,-81.95&markers=color%3Agreen%7Clabel%3A4%7C34.93861,-82.22722&markers=color%3Ared%7Clabel%3A4%7C27.94722,-82.45861&markers=color%3Agreen%7Clabel%3A5%7C34.8525,-82.39417&markers=color%3Ared%7Clabel%3A5%7C27.49861,-82.575"
933,803,819,16,"http://maps.google.com/maps/api/staticmap?size=500x500&sensor=false&maptype=road&markers=color%3Agreen%7Clabel%3A1%7C36.0725,-79.79222&markers=color%3Ared%7C25.77389,-80.19389&markers=color%3Agreen%7Clabel%3A2%7C36.0725,-79.79222&markers=color%3Ared%7Clabel%3A2%7C25.77389,-80.19389&markers=color%3Agreen%7Clabel%3A3%7C35.95556,-80.00556&markers=color%3Ared%7Clabel%3A3%7C25.77389,-80.19389&markers=color%3Agreen%7Clabel%3A4%7C36.69139,-79.87278&markers=color%3Ared%7Clabel%3A4%7C25.90194,-80.25056&markers=color%3Agreen%7Clabel%3A5%7C35.47972,-79.18056&markers=color%3Ared%7Clabel%3A5%7C25.77389,-80.19389"
954,551,551,0,"http://maps.google.com/maps/api/staticmap?size=500x500&sensor=false&maptype=road&markers=color%3Agreen%7Clabel%3A1%7C32.77639,-79.93111&markers=color%3Ared%7C36.16583,-86.78444&markers=color%3Agreen%7Clabel%3A2%7C32.77639,-79.93111&markers=color%3Ared%7Clabel%3A2%7C36.16583,-86.78444"
958,593,587,-6,"http://maps.google.com/maps/api/staticmap?size=500x500&sensor=false&maptype=road&markers=color%3Agreen%7Clabel%3A1%7C35.6225,-79.07861&markers=color%3Ared%7C34.60583,-86.98333&markers=color%3Agreen%7Clabel%3A2%7C35.6225,-79.07861&markers=color%3Ared%7Clabel%3A2%7C34.60583,-86.98333&markers=color%3Agreen%7Clabel%3A3%7C35.6225,-79.07861&markers=color%3Ared%7Clabel%3A3%7C34.60583,-86.98333&markers=color%3Agreen%7Clabel%3A4%7C35.6225,-79.07861&markers=color%3Ared%7Clabel%3A4%7C34.60583,-86.98333&markers=color%3Agreen%7Clabel%3A5%7C35.95556,-80.00556&markers=color%3Ared%7Clabel%3A5%7C34.2675,-86.20889"
991,540,542,2,"http://maps.google.com/maps/api/staticmap?size=500x500&sensor=false&maptype=road&markers=color%3Agreen%7Clabel%3A1%7C33.8675,-82.74139&markers=color%3Ared%7C27.433,-80.317&markers=color%3Agreen%7Clabel%3A2%7C33.8675,-82.74139&markers=color%3Ared%7Clabel%3A2%7C27.433,-80.317&markers=color%3Agreen%7Clabel%3A3%7C33.8675,-82.74139&markers=color%3Ared%7Clabel%3A3%7C27.433,-80.317&markers=color%3Agreen%7Clabel%3A4%7C33.47056,-82.50472&markers=color%3Ared%7Clabel%3A4%7C27.433,-80.317&markers=color%3Agreen%7Clabel%3A5%7C33.917,-82.283&markers=color%3Ared%7Clabel%3A5%7C27.24361,-80.83"
1008,712,712,0,"http://maps.google.com/maps/api/staticmap?size=500x500&sensor=false&maptype=road&markers=color%3Agreen%7Clabel%3A1%7C32.08333,-81.1&markers=color%3Ared%7C31.14306,-90.45861&markers=color%3Agreen%7Clabel%3A2%7C32.08333,-81.1&markers=color%3Ared%7Clabel%3A2%7C31.14306,-90.45861"
1020,198,221,23,"http://maps.google.com/maps/api/staticmap?size=500x500&sensor=false&maptype=road&markers=color%3Agreen%7Clabel%3A1%7C34.8525,-82.39417&markers=color%3Ared%7C32.54028,-82.90389&markers=color%3Agreen%7Clabel%3A2%7C34.8525,-82.39417&markers=color%3Ared%7Clabel%3A2%7C32.54028,-82.90389&markers=color%3Agreen%7Clabel%3A3%7C34.73694,-82.25444&markers=color%3Ared%7Clabel%3A3%7C31.95083,-83.45639"
1021,150,149,-1,"http://maps.google.com/maps/api/staticmap?size=500x500&sensor=false&maptype=road&markers=color%3Agreen%7Clabel%3A1%7C35.6225,-79.07861&markers=color%3Ared%7C37.30194,-78.39222&markers=color%3Agreen%7Clabel%3A2%7C35.6225,-79.07861&markers=color%3Ared%7Clabel%3A2%7C37.30194,-78.39222&markers=color%3Agreen%7Clabel%3A3%7C35.77194,-78.63889&markers=color%3Ared%7Clabel%3A3%7C37.525,-78.89694"
1029,165,167,2,"http://maps.google.com/maps/api/staticmap?size=500x500&sensor=false&maptype=road&markers=color%3Agreen%7Clabel%3A1%7C32.84056,-83.6325&markers=color%3Ared%7C32.08333,-81.1&markers=color%3Agreen%7Clabel%3A2%7C32.84056,-83.6325&markers=color%3Ared%7Clabel%3A2%7C32.08333,-81.1&markers=color%3Agreen%7Clabel%3A3%7C32.84056,-83.6325&markers=color%3Ared%7Clabel%3A3%7C32.08333,-81.1&markers=color%3Agreen%7Clabel%3A4%7C33.24667,-84.26417&markers=color%3Ared%7Clabel%3A4%7C32.08333,-81.1"
1034,226,232,6,"http://maps.google.com/maps/api/staticmap?size=500x500&sensor=false&maptype=road&markers=color%3Agreen%7Clabel%3A1%7C34.00056,-81.035&markers=color%3Ared%7C35.77194,-78.63889&markers=color%3Agreen%7Clabel%3A2%7C34.00056,-81.035&markers=color%3Ared%7Clabel%3A2%7C35.77194,-78.63889&markers=color%3Agreen%7Clabel%3A3%7C34.00056,-81.035&markers=color%3Ared%7Clabel%3A3%7C35.99389,-78.89889&markers=color%3Agreen%7Clabel%3A4%7C33.81694,-81.10111&markers=color%3Ared%7Clabel%3A4%7C35.99389,-78.89889"
1040,1001,1001,0,"http://maps.google.com/maps/api/staticmap?size=500x500&sensor=false&maptype=road&markers=color%3Agreen%7Clabel%3A1%7C33.24667,-84.26417&markers=color%3Ared%7C43.97861,-90.50389&markers=color%3Agreen%7Clabel%3A2%7C33.24667,-84.26417&markers=color%3Ared%7Clabel%3A2%7C43.97861,-90.50389"
1043,267,284,17,"http://maps.google.com/maps/api/staticmap?size=500x500&sensor=false&maptype=road&markers=color%3Agreen%7Clabel%3A1%7C35.96056,-83.92083&markers=color%3Ared%7C34.00056,-81.035&markers=color%3Agreen%7Clabel%3A2%7C35.96056,-83.92083&markers=color%3Ared%7Clabel%3A2%7C34.00056,-81.035&markers=color%3Agreen%7Clabel%3A3%7C35.32333,-84.525&markers=color%3Ared%7Clabel%3A3%7C34.00056,-81.035"
1060,651,671,20,"http://maps.google.com/maps/api/staticmap?size=500x500&sensor=false&maptype=road&markers=color%3Agreen%7Clabel%3A1%7C34.76972,-84.97028&markers=color%3Ared%7C41.93167,-87.98889&markers=color%3Agreen%7Clabel%3A2%7C34.76972,-84.97028&markers=color%3Ared%7Clabel%3A2%7C41.93167,-87.98889&markers=color%3Agreen%7Clabel%3A3%7C35.17417,-84.65361&markers=color%3Ared%7Clabel%3A3%7C41.69861,-88.06833&markers=color%3Agreen%7Clabel%3A4%7C34.20722,-84.14028&markers=color%3Ared%7Clabel%3A4%7C41.955,-87.94&markers=color%3Agreen%7Clabel%3A5%7C34.20722,-84.14028&markers=color%3Ared%7Clabel%3A5%7C41.85,-87.65"
1063,538,540,2,"http://maps.google.com/maps/api/staticmap?size=500x500&sensor=false&maptype=road&markers=color%3Agreen%7Clabel%3A1%7C34.50333,-82.65028&markers=color%3Ared%7C39.64167,-77.72028&markers=color%3Agreen%7Clabel%3A2%7C34.50333,-82.65028&markers=color%3Ared%7Clabel%3A2%7C39.64167,-77.72028&markers=color%3Agreen%7Clabel%3A3%7C34.68333,-82.8375&markers=color%3Ared%7Clabel%3A3%7C39.64167,-77.72028&markers=color%3Agreen%7Clabel%3A4%7C34.50333,-82.65028&markers=color%3Ared%7Clabel%3A4%7C39.88444,-77.35972&markers=color%3Agreen%7Clabel%3A5%7C34.8525,-82.39417&markers=color%3Ared%7Clabel%3A5%7C39.45611,-77.96417"
1065,383,364,-19,"http://maps.google.com/maps/api/staticmap?size=500x500&sensor=false&maptype=road&markers=color%3Agreen%7Clabel%3A1%7C35.7825,-80.8875&markers=color%3Ared%7C38.04917,-84.50028&markers=color%3Agreen%7Clabel%3A2%7C35.7825,-80.8875&markers=color%3Ared%7Clabel%3A2%7C38.04917,-84.50028&markers=color%3Agreen%7Clabel%3A3%7C35.22694,-80.84333&markers=color%3Ared%7Clabel%3A3%7C38.04917,-84.50028&markers=color%3Agreen%7Clabel%3A4%7C34.92472,-81.02528&markers=color%3Ared%7Clabel%3A4%7C38.04917,-84.50028&markers=color%3Agreen%7Clabel%3A5%7C35.22694,-80.84333&markers=color%3Ared%7Clabel%3A5%7C37.74778,-84.29472"
1080,679,673,-6,"http://maps.google.com/maps/api/staticmap?size=500x500&sensor=false&maptype=road&markers=color%3Agreen%7Clabel%3A1%7C34.07528,-84.29417&markers=color%3Ared%7C25.98083,-80.14861&markers=color%3Agreen%7Clabel%3A2%7C34.07528,-84.29417&markers=color%3Ared%7Clabel%3A2%7C25.98083,-80.14861&markers=color%3Agreen%7Clabel%3A3%7C33.74889,-84.38806&markers=color%3Ared%7Clabel%3A3%7C26.117,-80.133&markers=color%3Agreen%7Clabel%3A4%7C33.74889,-84.38806&markers=color%3Ared%7Clabel%3A4%7C25.77389,-80.19389&markers=color%3Agreen%7Clabel%3A5%7C33.74889,-84.38806&markers=color%3Ared%7Clabel%3A5%7C25.77389,-80.19389"
1091,112,112,0,"http://maps.google.com/maps/api/staticmap?size=500x500&sensor=false&maptype=road&markers=color%3Agreen%7Clabel%3A1%7C36.683,-78.9&markers=color%3Ared%7C35.38194,-78.54889&markers=color%3Agreen%7Clabel%3A2%7C36.683,-78.9&markers=color%3Ared%7Clabel%3A2%7C35.38194,-78.54889"
1103,463,447,-16,"http://maps.google.com/maps/api/staticmap?size=500x500&sensor=false&maptype=road&markers=color%3Agreen%7Clabel%3A1%7C36.2325,-80.70833&markers=color%3Ared%7C32.933,-85.95&markers=color%3Agreen%7Clabel%3A2%7C36.2325,-80.70833&markers=color%3Ared%7Clabel%3A2%7C32.933,-85.95&markers=color%3Agreen%7Clabel%3A3%7C36.2325,-80.70833&markers=color%3Ared%7Clabel%3A3%7C32.933,-85.95&markers=color%3Agreen%7Clabel%3A4%7C35.67083,-80.47444&markers=color%3Ared%7Clabel%3A4%7C32.60972,-85.48083"
1106,220,217,-3,"http://maps.google.com/maps/api/staticmap?size=500x500&sensor=false&maptype=road&markers=color%3Agreen%7Clabel%3A1%7C33.24667,-84.26417&markers=color%3Ared%7C32.08333,-81.1&markers=color%3Agreen%7Clabel%3A2%7C33.24667,-84.26417&markers=color%3Ared%7Clabel%3A2%7C32.08333,-81.1&markers=color%3Agreen%7Clabel%3A3%7C33.65333,-84.44944&markers=color%3Ared%7Clabel%3A3%7C32.08333,-81.1&markers=color%3Agreen%7Clabel%3A4%7C32.84056,-83.6325&markers=color%3Ared%7Clabel%3A4%7C32.08333,-81.1&markers=color%3Agreen%7Clabel%3A5%7C32.84056,-83.6325&markers=color%3Ared%7Clabel%3A5%7C32.08333,-81.1"
1111,436,428,-8,"http://maps.google.com/maps/api/staticmap?size=500x500&sensor=false&maptype=road&markers=color%3Agreen%7Clabel%3A1%7C35.73306,-81.34139&markers=color%3Ared%7C40.44056,-79.99611&markers=color%3Agreen%7Clabel%3A2%7C35.73306,-81.34139&markers=color%3Ared%7Clabel%3A2%7C40.44056,-79.99611&markers=color%3Agreen%7Clabel%3A3%7C35.66972,-81.22167&markers=color%3Ared%7Clabel%3A3%7C40.44056,-79.99611&markers=color%3Agreen%7Clabel%3A4%7C35.47361,-81.25472&markers=color%3Ared%7Clabel%3A4%7C40.44056,-79.99611&markers=color%3Agreen%7Clabel%3A5%7C35.22694,-80.84333&markers=color%3Ared%7Clabel%3A5%7C41.00361,-80.34722"
1125,650,650,0,"http://maps.google.com/maps/api/staticmap?size=500x500&sensor=false&maptype=road&markers=color%3Agreen%7Clabel%3A1%7C33.46667,-82.01667&markers=color%3Ared%7C41.08139,-81.51917&markers=color%3Agreen%7Clabel%3A2%7C33.46667,-82.01667&markers=color%3Ared%7Clabel%3A2%7C41.08139,-81.51917"
1154,411,405,-6,"http://maps.google.com/maps/api/staticmap?size=500x500&sensor=false&maptype=road&markers=color%3Agreen%7Clabel%3A1%7C35.67083,-80.47444&markers=color%3Ared%7C39.29028,-76.6125&markers=color%3Agreen%7Clabel%3A2%7C35.67083,-80.47444&markers=color%3Ared%7Clabel%3A2%7C39.29028,-76.6125&markers=color%3Agreen%7Clabel%3A3%7C36.0725,-79.79222&markers=color%3Ared%7Clabel%3A3%7C39.29028,-76.6125&markers=color%3Agreen%7Clabel%3A4%7C35.667,-80.417&markers=color%3Ared%7Clabel%3A4%7C39.9625,-76.72806&markers=color%3Agreen%7Clabel%3A5%7C35.58472,-80.81028&markers=color%3Ared%7Clabel%3A5%7C38.81583,-76.75"
1174,337,327,-10,"http://maps.google.com/maps/api/staticmap?size=500x500&sensor=false&maptype=road&markers=color%3Agreen%7Clabel%3A1%7C39.75889,-84.19167&markers=color%3Ared%7C41.76139,-88.44361&markers=color%3Agreen%7Clabel%3A2%7C39.75889,-84.19167&markers=color%3Ared%7Clabel%3A2%7C41.76139,-88.44361&markers=color%3Agreen%7Clabel%3A3%7C39.75889,-84.19167&markers=color%3Ared%7Clabel%3A3%7C41.8875,-88.30528&markers=color%3Agreen%7Clabel%3A4%7C39.515,-84.39833&markers=color%3Ared%7Clabel%3A4%7C41.9125,-88.13472&markers=color%3Agreen%7Clabel%3A5%7C39.515,-84.39833&markers=color%3Ared%7Clabel%3A5%7C41.69861,-88.06833"
1182,161,175,14,"http://maps.google.com/maps/api/staticmap?size=500x500&sensor=false&maptype=road&markers=color%3Agreen%7Clabel%3A1%7C33.74889,-84.38806&markers=color%3Ared%7C32.36667,-86.3&markers=color%3Agreen%7Clabel%3A2%7C33.74889,-84.38806&markers=color%3Ared%7Clabel%3A2%7C32.36667,-86.3&markers=color%3Agreen%7Clabel%3A3%7C33.6675,-84.01778&markers=color%3Ared%7Clabel%3A3%7C32.83861,-86.62944&markers=color%3Agreen%7Clabel%3A4%7C33.96083,-83.37806&markers=color%3Ared%7Clabel%3A4%7C32.36667,-86.3"
1183,321,317,-4,"http://maps.google.com/maps/api/staticmap?size=500x500&sensor=false&maptype=road&markers=color%3Agreen%7Clabel%3A1%7C40.01778,-79.58972&markers=color%3Ared%7C37.50583,-77.64944&markers=color%3Agreen%7Clabel%3A2%7C40.01778,-79.58972&markers=color%3Ared%7Clabel%3A2%7C37.50583,-77.64944&markers=color%3Agreen%7Clabel%3A3%7C40.01778,-79.58972&markers=color%3Ared%7Clabel%3A3%7C37.50583,-77.64944&markers=color%3Agreen%7Clabel%3A4%7C40.01778,-79.58972&markers=color%3Ared%7Clabel%3A4%7C37.50583,-77.64944&markers=color%3Agreen%7Clabel%3A5%7C40.01778,-79.58972&markers=color%3Ared%7Clabel%3A5%7C37.55361,-77.46056"
1189,361,362,1,"http://maps.google.com/maps/api/staticmap?size=500x500&sensor=false&maptype=road&markers=color%3Agreen%7Clabel%3A1%7C34.06583,-84.67694&markers=color%3Ared%7C38.04917,-84.50028&markers=color%3Agreen%7Clabel%3A2%7C34.06583,-84.67694&markers=color%3Ared%7Clabel%3A2%7C38.04917,-84.50028&markers=color%3Agreen%7Clabel%3A3%7C34.06583,-84.67694&markers=color%3Ared%7Clabel%3A3%7C38.04917,-84.50028&markers=color%3Agreen%7Clabel%3A4%7C33.74889,-84.38806&markers=color%3Ared%7Clabel%3A4%7C37.56861,-84.29639"
1192,162,163,1,"http://maps.google.com/maps/api/staticmap?size=500x500&sensor=false&maptype=road&markers=color%3Agreen%7Clabel%3A1%7C40.01778,-79.58972&markers=color%3Ared%7C39.13667,-77.715&markers=color%3Agreen%7Clabel%3A2%7C40.01778,-79.58972&markers=color%3Ared%7Clabel%3A2%7C39.13667,-77.715&markers=color%3Agreen%7Clabel%3A3%7C40.01778,-79.58972&markers=color%3Ared%7Clabel%3A3%7C39.09306,-78.05972&markers=color%3Agreen%7Clabel%3A4%7C40.01778,-79.58972&markers=color%3Ared%7Clabel%3A4%7C39.09306,-78.05972&markers=color%3Agreen%7Clabel%3A5%7C40.01778,-79.58972&markers=color%3Ared%7Clabel%3A5%7C39.18556,-78.16361"
1206,517,521,4,"http://maps.google.com/maps/api/staticmap?size=500x500&sensor=false&maptype=road&markers=color%3Agreen%7Clabel%3A1%7C39.96111,-82.99889&markers=color%3Ared%7C34.00056,-81.035&markers=color%3Agreen%7Clabel%3A2%7C39.96111,-82.99889&markers=color%3Ared%7Clabel%3A2%7C34.00056,-81.035&markers=color%3Agreen%7Clabel%3A3%7C39.85222,-82.88583&markers=color%3Ared%7Clabel%3A3%7C34.00056,-81.035&markers=color%3Agreen%7Clabel%3A4%7C39.85222,-82.88583&markers=color%3Ared%7Clabel%3A4%7C33.53083,-80.57222"
1208,699,689,-10,"http://maps.google.com/maps/api/staticmap?size=500x500&sensor=false&maptype=road&markers=color%3Agreen%7Clabel%3A1%7C33.74889,-84.38806&markers=color%3Ared%7C39.29028,-76.6125&markers=color%3Agreen%7Clabel%3A2%7C33.74889,-84.38806&markers=color%3Ared%7Clabel%3A2%7C39.29028,-76.6125&markers=color%3Agreen%7Clabel%3A3%7C33.74889,-84.38806&markers=color%3Ared%7Clabel%3A3%7C39.29028,-76.6125&markers=color%3Agreen%7Clabel%3A4%7C33.65333,-84.44944&markers=color%3Ared%7Clabel%3A4%7C39.29028,-76.6125&markers=color%3Agreen%7Clabel%3A5%7C33.62194,-84.36917&markers=color%3Ared%7Clabel%3A5%7C39.14917,-76.77556"
1216,103,115,12,"http://maps.google.com/maps/api/staticmap?size=500x500&sensor=false&maptype=road&markers=color%3Agreen%7Clabel%3A1%7C34.00056,-81.035&markers=color%3Ared%7C34.8525,-82.39417&markers=color%3Agreen%7Clabel%3A2%7C34.00056,-81.035&markers=color%3Ared%7Clabel%3A2%7C34.8525,-82.39417&markers=color%3Agreen%7Clabel%3A3%7C34.00056,-81.035&markers=color%3Ared%7Clabel%3A3%7C34.8525,-82.39417&markers=color%3Agreen%7Clabel%3A4%7C34.37389,-80.07361&markers=color%3Ared%7Clabel%3A4%7C34.94944,-81.93222"
1277,479,466,-13,"http://maps.google.com/maps/api/staticmap?size=500x500&sensor=false&maptype=road&markers=color%3Agreen%7Clabel%3A1%7C34.00056,-81.035&markers=color%3Ared%7C38.75083,-77.47556&markers=color%3Agreen%7Clabel%3A2%7C34.00056,-81.035&markers=color%3Ared%7Clabel%3A2%7C38.75083,-77.47556&markers=color%3Agreen%7Clabel%3A3%7C33.96556,-81.07417&markers=color%3Ared%7Clabel%3A3%7C38.79306,-77.44806&markers=color%3Agreen%7Clabel%3A4%7C33.98139,-81.23639&markers=color%3Ared%7Clabel%3A4%7C38.96944,-77.38639&markers=color%3Agreen%7Clabel%3A5%7C34.00056,-81.035&markers=color%3Ared%7Clabel%3A5%7C39.14917,-76.77556"
1281,206,202,-4,"http://maps.google.com/maps/api/staticmap?size=500x500&sensor=false&maptype=road&markers=color%3Agreen%7Clabel%3A1%7C34.92472,-81.02528&markers=color%3Ared%7C36.21389,-83.295&markers=color%3Agreen%7Clabel%3A2%7C34.92472,-81.02528&markers=color%3Ared%7Clabel%3A2%7C36.21389,-83.295&markers=color%3Agreen%7Clabel%3A3%7C35.2,-80.0&markers=color%3Ared%7Clabel%3A3%7C36.25694,-83.08611&markers=color%3Agreen%7Clabel%3A4%7C34.77306,-80.39194&markers=color%3Ared%7Clabel%3A4%7C35.48861,-82.98889&markers=color%3Agreen%7Clabel%3A5%7C34.77306,-80.39194&markers=color%3Ared%7Clabel%3A5%7C35.69694,-82.56083"
1283,413,413,0,"http://maps.google.com/maps/api/staticmap?size=500x500&sensor=false&maptype=road&markers=color%3Agreen%7Clabel%3A1%7C39.29028,-76.6125&markers=color%3Ared%7C36.595,-82.18889&markers=color%3Agreen%7Clabel%3A2%7C39.29028,-76.6125&markers=color%3Ared%7Clabel%3A2%7C36.595,-82.18889"
1294,267,269,2,"http://maps.google.com/maps/api/staticmap?size=500x500&sensor=false&maptype=road&markers=color%3Agreen%7Clabel%3A1%7C34.00056,-81.035&markers=color%3Ared%7C35.96056,-83.92083&markers=color%3Agreen%7Clabel%3A2%7C34.00056,-81.035&markers=color%3Ared%7Clabel%3A2%7C35.96056,-83.92083&markers=color%3Agreen%7Clabel%3A3%7C33.56028,-81.71972&markers=color%3Ared%7Clabel%3A3%7C36.10333,-84.13194&markers=color%3Agreen%7Clabel%3A4%7C33.91639,-81.51361&markers=color%3Ared%7Clabel%3A4%7C36.21389,-83.295&markers=color%3Agreen%7Clabel%3A5%7C33.91639,-81.51361&markers=color%3Ared%7Clabel%3A5%7C36.21389,-83.295"
1314,869,869,0,"http://maps.google.com/maps/api/staticmap?size=500x500&sensor=false&maptype=road&markers=color%3Agreen%7Clabel%3A1%7C36.11972,-80.07389&markers=color%3Ared%7C43.21833,-89.34139&markers=color%3Agreen%7Clabel%3A2%7C36.11972,-80.07389&markers=color%3Ared%7Clabel%3A2%7C43.21833,-89.34139&markers=color%3Agreen%7Clabel%3A3%7C35.95556,-80.00556&markers=color%3Ared%7Clabel%3A3%7C43.09722,-89.50417&markers=color%3Agreen%7Clabel%3A4%7C35.89444,-79.99111&markers=color%3Ared%7Clabel%3A4%7C43.09722,-89.50417&markers=color%3Agreen%7Clabel%3A5%7C35.89444,-79.99111&markers=color%3Ared%7Clabel%3A5%7C43.09722,-89.50417"
1318,439,439,0,"http://maps.google.com/maps/api/staticmap?size=500x500&sensor=false&maptype=road&markers=color%3Agreen%7Clabel%3A1%7C36.21389,-83.295&markers=color%3Ared%7C40.75444,-86.35667&markers=color%3Agreen%7Clabel%3A2%7C36.21389,-83.295&markers=color%3Ared%7Clabel%3A2%7C40.75444,-86.35667"
1335,939,939,0,"http://maps.google.com/maps/api/staticmap?size=500x500&sensor=false&maptype=road&markers=color%3Agreen%7Clabel%3A1%7C35.825,-77.24944&markers=color%3Ared%7C41.35722,-88.42111&markers=color%3Agreen%7Clabel%3A2%7C35.825,-77.24944&markers=color%3Ared%7Clabel%3A2%7C41.35722,-88.42111&markers=color%3Agreen%7Clabel%3A3%7C35.825,-77.24944&markers=color%3Ared%7Clabel%3A3%7C41.35722,-88.42111&markers=color%3Agreen%7Clabel%3A4%7C35.825,-77.24944&markers=color%3Ared%7Clabel%3A4%7C41.35722,-88.42111&markers=color%3Agreen%7Clabel%3A5%7C35.825,-77.24944&markers=color%3Ared%7Clabel%3A5%7C41.35722,-88.42111"
1338,746,728,-18,"http://maps.google.com/maps/api/staticmap?size=500x500&sensor=false&maptype=road&markers=color%3Agreen%7Clabel%3A1%7C34.29778,-83.82417&markers=color%3Ared%7C42.66056,-84.07306&markers=color%3Agreen%7Clabel%3A2%7C34.29778,-83.82417&markers=color%3Ared%7Clabel%3A2%7C42.66056,-84.07306&markers=color%3Agreen%7Clabel%3A3%7C33.71222,-84.10528&markers=color%3Ared%7Clabel%3A3%7C42.33139,-83.04583&markers=color%3Agreen%7Clabel%3A4%7C33.79389,-84.66056&markers=color%3Ared%7Clabel%3A4%7C42.24083,-83.26972"
1339,850,837,-13,"http://maps.google.com/maps/api/staticmap?size=500x500&sensor=false&maptype=road&markers=color%3Agreen%7Clabel%3A1%7C35.97444,-77.96583&markers=color%3Ared%7C41.85,-87.65&markers=color%3Agreen%7Clabel%3A2%7C35.97444,-77.96583&markers=color%3Ared%7Clabel%3A2%7C41.85,-87.65&markers=color%3Agreen%7Clabel%3A3%7C35.77194,-78.63889&markers=color%3Ared%7Clabel%3A3%7C41.85,-87.65&markers=color%3Agreen%7Clabel%3A4%7C35.38472,-77.99306&markers=color%3Ared%7Clabel%3A4%7C41.85,-87.65&markers=color%3Agreen%7Clabel%3A5%7C35.825,-77.24944&markers=color%3Ared%7Clabel%3A5%7C41.85,-87.65"
1361,880,880,0,"http://maps.google.com/maps/api/staticmap?size=500x500&sensor=false&maptype=road&markers=color%3Agreen%7Clabel%3A1%7C35.11667,-80.72389&markers=color%3Ared%7C44.3,-77.8&markers=color%3Agreen%7Clabel%3A2%7C35.11667,-80.72389&markers=color%3Ared%7Clabel%3A2%7C44.3,-77.8"
1375,343,367,24,"http://maps.google.com/maps/api/staticmap?size=500x500&sensor=false&maptype=road&markers=color%3Agreen%7Clabel%3A1%7C39.16194,-84.45694&markers=color%3Ared%7C43.41944,-83.95083&markers=color%3Agreen%7Clabel%3A2%7C39.16194,-84.45694&markers=color%3Ared%7Clabel%3A2%7C43.41944,-83.95083&markers=color%3Agreen%7Clabel%3A3%7C39.16194,-84.45694&markers=color%3Ared%7Clabel%3A3%7C42.7325,-84.55556&markers=color%3Agreen%7Clabel%3A4%7C39.55889,-84.30417&markers=color%3Ared%7Clabel%3A4%7C42.7325,-84.55556"
1399,633,633,0,"http://maps.google.com/maps/api/staticmap?size=500x500&sensor=false&maptype=road&markers=color%3Agreen%7Clabel%3A1%7C37.22778,-77.40222&markers=color%3Ared%7C40.86944,-84.58417&markers=color%3Agreen%7Clabel%3A2%7C37.22778,-77.40222&markers=color%3Ared%7Clabel%3A2%7C40.86944,-84.58417&markers=color%3Agreen%7Clabel%3A3%7C37.22778,-77.40222&markers=color%3Ared%7Clabel%3A3%7C40.86944,-84.58417"
1401,499,482,-17,"http://maps.google.com/maps/api/staticmap?size=500x500&sensor=false&maptype=road&markers=color%3Agreen%7Clabel%3A1%7C39.06583,-84.70111&markers=color%3Ared%7C43.583,-79.65&markers=color%3Agreen%7Clabel%3A2%7C39.06583,-84.70111&markers=color%3Ared%7Clabel%3A2%7C43.583,-79.65&markers=color%3Agreen%7Clabel%3A3%7C38.7375,-85.05833&markers=color%3Ared%7Clabel%3A3%7C43.55,-80.25&markers=color%3Agreen%7Clabel%3A4%7C39.12639,-84.525&markers=color%3Ared%7Clabel%3A4%7C42.88639,-78.87861&markers=color%3Agreen%7Clabel%3A5%7C39.79722,-84.31139&markers=color%3Ared%7Clabel%3A5%7C42.88639,-78.87861"
1402,626,611,-15,"http://maps.google.com/maps/api/staticmap?size=500x500&sensor=false&maptype=road&markers=color%3Agreen%7Clabel%3A1%7C36.31333,-82.35361&markers=color%3Ared%7C41.95583,-87.87083&markers=color%3Agreen%7Clabel%3A2%7C36.31333,-82.35361&markers=color%3Ared%7Clabel%3A2%7C41.95583,-87.87083&markers=color%3Agreen%7Clabel%3A3%7C36.25694,-83.08611&markers=color%3Ared%7Clabel%3A3%7C42.23326,-88.32512"
1417,294,264,-30,"http://maps.google.com/maps/api/staticmap?size=500x500&sensor=false&maptype=road&markers=color%3Agreen%7Clabel%3A1%7C41.49944,-81.69556&markers=color%3Ared%7C43.65,-79.383&markers=color%3Agreen%7Clabel%3A2%7C41.49944,-81.69556&markers=color%3Ared%7Clabel%3A2%7C43.65,-79.383&markers=color%3Agreen%7Clabel%3A3%7C41.2375,-80.81861&markers=color%3Ared%7Clabel%3A3%7C43.583,-79.65&markers=color%3Agreen%7Clabel%3A4%7C41.2375,-80.81861&markers=color%3Ared%7Clabel%3A4%7C43.1,-79.067&markers=color%3Agreen%7Clabel%3A5%7C41.2425,-82.61583&markers=color%3Ared%7Clabel%3A5%7C43.19917,-78.57639"
1427,391,393,2,"http://maps.google.com/maps/api/staticmap?size=500x500&sensor=false&maptype=road&markers=color%3Agreen%7Clabel%3A1%7C40.10833,-83.7525&markers=color%3Ared%7C43.583,-79.65&markers=color%3Agreen%7Clabel%3A2%7C40.10833,-83.7525&markers=color%3Ared%7Clabel%3A2%7C43.583,-79.65&markers=color%3Agreen%7Clabel%3A3%7C40.10833,-83.7525&markers=color%3Ared%7Clabel%3A3%7C42.833,-80.3&markers=color%3Agreen%7Clabel%3A4%7C40.10278,-84.63306&markers=color%3Ared%7Clabel%3A4%7C43.467,-80.517&markers=color%3Agreen%7Clabel%3A5%7C39.75889,-84.19167&markers=color%3Ared%7Clabel%3A5%7C42.88639,-78.87861"
1454,764,773,9,"http://maps.google.com/maps/api/staticmap?size=500x500&sensor=false&maptype=road&markers=color%3Agreen%7Clabel%3A1%7C32.84056,-83.6325&markers=color%3Ared%7C41.68333,-86.25&markers=color%3Agreen%7Clabel%3A2%7C32.84056,-83.6325&markers=color%3Ared%7Clabel%3A2%7C41.68333,-86.25&markers=color%3Agreen%7Clabel%3A3%7C32.84056,-83.6325&markers=color%3Ared%7Clabel%3A3%7C41.68194,-85.97667"
1509,668,654,-14,"http://maps.google.com/maps/api/staticmap?size=500x500&sensor=false&maptype=road&markers=color%3Agreen%7Clabel%3A1%7C35.22694,-80.84333&markers=color%3Ared%7C42.09861,-75.91833&markers=color%3Agreen%7Clabel%3A2%7C35.22694,-80.84333&markers=color%3Ared%7Clabel%3A2%7C42.09861,-75.91833&markers=color%3Agreen%7Clabel%3A3%7C35.22694,-80.84333&markers=color%3Ared%7Clabel%3A3%7C42.03972,-75.7975&markers=color%3Agreen%7Clabel%3A4%7C35.58472,-80.81028&markers=color%3Ared%7Clabel%3A4%7C41.32583,-75.78972"
1534,1176,1176,0,"http://maps.google.com/maps/api/staticmap?size=500x500&sensor=false&maptype=road&markers=color%3Agreen%7Clabel%3A1%7C33.59667,-83.86028&markers=color%3Ared%7C45.01056,-93.45528&markers=color%3Agreen%7Clabel%3A2%7C33.59667,-83.86028&markers=color%3Ared%7Clabel%3A2%7C45.01056,-93.45528"
1547,945,939,-6,"http://maps.google.com/maps/api/staticmap?size=500x500&sensor=false&maptype=road&markers=color%3Agreen%7Clabel%3A1%7C35.96056,-83.92083&markers=color%3Ared%7C44.52611,-93.01972&markers=color%3Agreen%7Clabel%3A2%7C35.96056,-83.92083&markers=color%3Ared%7Clabel%3A2%7C44.52611,-93.01972&markers=color%3Agreen%7Clabel%3A3%7C35.96056,-83.92083&markers=color%3Ared%7Clabel%3A3%7C44.52611,-93.01972&markers=color%3Agreen%7Clabel%3A4%7C35.96056,-83.92083&markers=color%3Ared%7Clabel%3A4%7C44.52611,-93.01972&markers=color%3Agreen%7Clabel%3A5%7C36.10333,-84.13194&markers=color%3Ared%7Clabel%3A5%7C44.933,-93.083"
1549,958,958,0,"http://maps.google.com/maps/api/staticmap?size=500x500&sensor=false&maptype=road&markers=color%3Agreen%7Clabel%3A1%7C34.99417,-81.24222&markers=color%3Ared%7C44.26194,-88.41528&markers=color%3Agreen%7Clabel%3A2%7C34.99417,-81.24222&markers=color%3Ared%7Clabel%3A2%7C44.26194,-88.41528"
1555,725,725,0,"http://maps.google.com/maps/api/staticmap?size=500x500&sensor=false&maptype=road&markers=color%3Agreen%7Clabel%3A1%7C37.41361,-79.1425&markers=color%3Ared%7C41.76278,-87.8&markers=color%3Agreen%7Clabel%3A2%7C37.41361,-79.1425&markers=color%3Ared%7Clabel%3A2%7C41.76278,-87.8"
1556,515,489,-26,"http://maps.google.com/maps/api/staticmap?size=500x500&sensor=false&maptype=road&markers=color%3Agreen%7Clabel%3A1%7C41.13694,-77.44722&markers=color%3Ared%7C42.20111,-85.58&markers=color%3Agreen%7Clabel%3A2%7C41.13694,-77.44722&markers=color%3Ared%7Clabel%3A2%7C42.20111,-85.58&markers=color%3Agreen%7Clabel%3A3%7C41.15,-77.35&markers=color%3Ared%7Clabel%3A3%7C41.68333,-86.25&markers=color%3Agreen%7Clabel%3A4%7C40.48472,-78.01056&markers=color%3Ared%7Clabel%3A4%7C41.58222,-85.83444"
1562,1068,1068,0,"http://maps.google.com/maps/api/staticmap?size=500x500&sensor=false&maptype=road&markers=color%3Agreen%7Clabel%3A1%7C34.27444,-81.61889&markers=color%3Ared%7C41.60056,-93.60889&markers=color%3Agreen%7Clabel%3A2%7C34.27444,-81.61889&markers=color%3Ared%7Clabel%3A2%7C41.60056,-93.60889"
1564,368,372,4,"http://maps.google.com/maps/api/staticmap?size=500x500&sensor=false&maptype=road&markers=color%3Agreen%7Clabel%3A1%7C37.77806,-81.18833&markers=color%3Ared%7C39.76833,-86.15806&markers=color%3Agreen%7Clabel%3A2%7C37.77806,-81.18833&markers=color%3Ared%7Clabel%3A2%7C39.76833,-86.15806&markers=color%3Agreen%7Clabel%3A3%7C38.49861,-80.75528&markers=color%3Ared%7Clabel%3A3%7C39.76833,-86.15806"
1568,558,558,0,"http://maps.google.com/maps/api/staticmap?size=500x500&sensor=false&maptype=road&markers=color%3Agreen%7Clabel%3A1%7C38.18389,-83.43278&markers=color%3Ared%7C35.76972,-91.64083&markers=color%3Agreen%7Clabel%3A2%7C38.18389,-83.43278&markers=color%3Ared%7Clabel%3A2%7C35.76972,-91.64083"
1598,1544,1549,5,"http://maps.google.com/maps/api/staticmap?size=500x500&sensor=false&maptype=road&markers=color%3Agreen%7Clabel%3A1%7C39.75889,-84.19167&markers=color%3Ared%7C45.78333,-108.5&markers=color%3Agreen%7Clabel%3A2%7C39.75889,-84.19167&markers=color%3Ared%7Clabel%3A2%7C45.78333,-108.5&markers=color%3Agreen%7Clabel%3A3%7C39.75889,-84.19167&markers=color%3Ared%7Clabel%3A3%7C45.78333,-108.5&markers=color%3Agreen%7Clabel%3A4%7C39.75889,-84.19167&markers=color%3Ared%7Clabel%3A4%7C45.78333,-108.5&markers=color%3Agreen%7Clabel%3A5%7C39.75889,-84.19167&markers=color%3Ared%7Clabel%3A5%7C45.78333,-108.5"
1601,1342,1353,11,"http://maps.google.com/maps/api/staticmap?size=500x500&sensor=false&maptype=road&markers=color%3Agreen%7Clabel%3A1%7C41.59306,-81.52694&markers=color%3Ared%7C40.62639,-105.13722&markers=color%3Agreen%7Clabel%3A2%7C41.59306,-81.52694&markers=color%3Ared%7Clabel%3A2%7C40.62639,-105.13722&markers=color%3Agreen%7Clabel%3A3%7C41.49944,-81.69556&markers=color%3Ared%7Clabel%3A3%7C39.73917,-104.98417&markers=color%3Agreen%7Clabel%3A4%7C40.79889,-81.37861&markers=color%3Ared%7Clabel%3A4%7C39.73917,-104.98417&markers=color%3Agreen%7Clabel%3A5%7C40.79889,-81.37861&markers=color%3Ared%7Clabel%3A5%7C39.73917,-104.98417"
1602,670,664,-6,"http://maps.google.com/maps/api/staticmap?size=500x500&sensor=false&maptype=road&markers=color%3Agreen%7Clabel%3A1%7C39.92417,-83.80889&markers=color%3Ared%7C44.03278,-92.64528&markers=color%3Agreen%7Clabel%3A2%7C39.92417,-83.80889&markers=color%3Ared%7Clabel%3A2%7C44.03278,-92.64528&markers=color%3Agreen%7Clabel%3A3%7C39.515,-84.39833&markers=color%3Ared%7Clabel%3A3%7C44.45833,-93.16139"
1603,1123,1135,12,"http://maps.google.com/maps/api/staticmap?size=500x500&sensor=false&maptype=road&markers=color%3Agreen%7Clabel%3A1%7C34.72028,-80.77111&markers=color%3Ared%7C44.81139,-91.49833&markers=color%3Agreen%7Clabel%3A2%7C34.72028,-80.77111&markers=color%3Ared%7Clabel%3A2%7C44.81139,-91.49833&markers=color%3Agreen%7Clabel%3A3%7C35.22694,-80.84333&markers=color%3Ared%7Clabel%3A3%7C44.81139,-91.49833&markers=color%3Agreen%7Clabel%3A4%7C34.70472,-81.21444&markers=color%3Ared%7Clabel%3A4%7C44.05,-91.63917&markers=color%3Agreen%7Clabel%3A5%7C35.47361,-81.25472&markers=color%3Ared%7Clabel%3A5%7C44.5625,-92.53361"
1604,1336,1336,0,"http://maps.google.com/maps/api/staticmap?size=500x500&sensor=false&maptype=road&markers=color%3Agreen%7Clabel%3A1%7C35.29639,-84.74806&markers=color%3Ared%7C47.92528,-97.0325&markers=color%3Agreen%7Clabel%3A2%7C35.29639,-84.74806&markers=color%3Ared%7Clabel%3A2%7C47.92528,-97.0325"
1605,1555,1549,-6,"http://maps.google.com/maps/api/staticmap?size=500x500&sensor=false&maptype=road&markers=color%3Agreen%7Clabel%3A1%7C39.75889,-84.19167&markers=color%3Ared%7C45.78333,-108.5&markers=color%3Agreen%7Clabel%3A2%7C39.75889,-84.19167&markers=color%3Ared%7Clabel%3A2%7C45.78333,-108.5&markers=color%3Agreen%7Clabel%3A3%7C39.75889,-84.19167&markers=color%3Ared%7Clabel%3A3%7C45.78333,-108.5&markers=color%3Agreen%7Clabel%3A4%7C39.75889,-84.19167&markers=color%3Ared%7Clabel%3A4%7C45.78333,-108.5&markers=color%3Agreen%7Clabel%3A5%7C39.75889,-84.19167&markers=color%3Ared%7Clabel%3A5%7C45.78333,-108.5"
1611,375,371,-4,"http://maps.google.com/maps/api/staticmap?size=500x500&sensor=false&maptype=road&markers=color%3Agreen%7Clabel%3A1%7C38.87556,-84.61028&markers=color%3Ared%7C42.96333,-85.66806&markers=color%3Agreen%7Clabel%3A2%7C38.87556,-84.61028&markers=color%3Ared%7Clabel%3A2%7C42.96333,-85.66806&markers=color%3Agreen%7Clabel%3A3%7C39.16194,-84.45694&markers=color%3Ared%7Clabel%3A3%7C42.7325,-84.55556&markers=color%3Agreen%7Clabel%3A4%7C39.667,-84.25&markers=color%3Ared%7Clabel%3A4%7C43.57861,-85.44917&markers=color%3Agreen%7Clabel%3A5%7C39.55889,-84.30417&markers=color%3Ared%7Clabel%3A5%7C42.7325,-84.55556"
1632,1361,1339,-22,"http://maps.google.com/maps/api/staticmap?size=500x500&sensor=false&maptype=road&markers=color%3Agreen%7Clabel%3A1%7C42.12917,-80.08528&markers=color%3Ared%7C32.72528,-97.32056&markers=color%3Agreen%7Clabel%3A2%7C42.12917,-80.08528&markers=color%3Ared%7Clabel%3A2%7C32.72528,-97.32056&markers=color%3Agreen%7Clabel%3A3%7C42.12917,-80.08528&markers=color%3Ared%7Clabel%3A3%7C32.72528,-97.32056&markers=color%3Agreen%7Clabel%3A4%7C42.12917,-80.08528&markers=color%3Ared%7Clabel%3A4%7C32.72528,-97.32056&markers=color%3Agreen%7Clabel%3A5%7C42.12917,-80.08528&markers=color%3Ared%7Clabel%3A5%7C32.72528,-97.32056"
1637,862,864,2,"http://maps.google.com/maps/api/staticmap?size=500x500&sensor=false&maptype=road&markers=color%3Agreen%7Clabel%3A1%7C33.74889,-84.38806&markers=color%3Ared%7C43.59139,-88.44361&markers=color%3Agreen%7Clabel%3A2%7C33.74889,-84.38806&markers=color%3Ared%7Clabel%3A2%7C43.59139,-88.44361&markers=color%3Agreen%7Clabel%3A3%7C33.61,-84.28806&markers=color%3Ared%7Clabel%3A3%7C44.26194,-88.41528"
1640,835,834,-1,"http://maps.google.com/maps/api/staticmap?size=500x500&sensor=false&maptype=road&markers=color%3Agreen%7Clabel%3A1%7C34.4725,-81.88083&markers=color%3Ared%7C34.58611,-94.23944&markers=color%3Agreen%7Clabel%3A2%7C34.4725,-81.88083&markers=color%3Ared%7Clabel%3A2%7C34.58611,-94.23944"
1649,466,479,13,"http://maps.google.com/maps/api/staticmap?size=500x500&sensor=false&maptype=road&markers=color%3Agreen%7Clabel%3A1%7C36.72222,-80.82306&markers=color%3Ared%7C39.76833,-86.15806&markers=color%3Agreen%7Clabel%3A2%7C36.72222,-80.82306&markers=color%3Ared%7Clabel%3A2%7C39.76833,-86.15806&markers=color%3Agreen%7Clabel%3A3%7C36.14583,-81.16083&markers=color%3Ared%7Clabel%3A3%7C39.76833,-86.15806"
1666,439,433,-6,"http://maps.google.com/maps/api/staticmap?size=500x500&sensor=false&maptype=road&markers=color%3Agreen%7Clabel%3A1%7C36.88139,-81.76222&markers=color%3Ared%7C37.77417,-87.11333&markers=color%3Agreen%7Clabel%3A2%7C36.88139,-81.76222&markers=color%3Ared%7Clabel%3A2%7C37.77417,-87.11333&markers=color%3Agreen%7Clabel%3A3%7C36.595,-82.18889&markers=color%3Ared%7Clabel%3A3%7C37.97472,-87.55583"
1680,1140,1155,15,"http://maps.google.com/maps/api/staticmap?size=500x500&sensor=false&maptype=road&markers=color%3Agreen%7Clabel%3A1%7C38.21194,-85.22361&markers=color%3Ared%7C39.82222,-104.93333&markers=color%3Agreen%7Clabel%3A2%7C38.21194,-85.22361&markers=color%3Ared%7Clabel%3A2%7C39.82222,-104.93333&markers=color%3Agreen%7Clabel%3A3%7C38.25417,-85.75944&markers=color%3Ared%7Clabel%3A3%7C39.73917,-104.98417&markers=color%3Agreen%7Clabel%3A4%7C38.25417,-85.75944&markers=color%3Ared%7Clabel%3A4%7C39.97778,-105.13139&markers=color%3Agreen%7Clabel%3A5%7C38.25417,-85.75944&markers=color%3Ared%7Clabel%3A5%7C40.42333,-104.70861"
1683,556,566,10,"http://maps.google.com/maps/api/staticmap?size=500x500&sensor=false&maptype=road&markers=color%3Agreen%7Clabel%3A1%7C33.74889,-84.38806&markers=color%3Ared%7C38.633,-90.25&markers=color%3Agreen%7Clabel%3A2%7C33.74889,-84.38806&markers=color%3Ared%7Clabel%3A2%7C38.633,-90.25&markers=color%3Agreen%7Clabel%3A3%7C33.74889,-84.38806&markers=color%3Ared%7Clabel%3A3%7C38.633,-90.25&markers=color%3Agreen%7Clabel%3A4%7C33.74889,-84.38806&markers=color%3Ared%7Clabel%3A4%7C38.74389,-90.41361"
1694,925,926,1,"http://maps.google.com/maps/api/staticmap?size=500x500&sensor=false&maptype=road&markers=color%3Agreen%7Clabel%3A1%7C34.71583,-81.01972&markers=color%3Ared%7C41.82333,-90.53806&markers=color%3Agreen%7Clabel%3A2%7C34.71583,-81.01972&markers=color%3Ared%7Clabel%3A2%7C41.82333,-90.53806&markers=color%3Agreen%7Clabel%3A3%7C34.72028,-80.77111&markers=color%3Ared%7Clabel%3A3%7C41.52361,-90.5775&markers=color%3Agreen%7Clabel%3A4%7C34.94944,-81.93222&markers=color%3Ared%7Clabel%3A4%7C42.00833,-91.64389"
1703,1061,1061,0,"http://maps.google.com/maps/api/staticmap?size=500x500&sensor=false&maptype=road&markers=color%3Agreen%7Clabel%3A1%7C37.84556,-83.85833&markers=color%3Ared%7C37.97167,-100.87222&markers=color%3Agreen%7Clabel%3A2%7C37.84556,-83.85833&markers=color%3Ared%7Clabel%3A2%7C37.97167,-100.87222"
1722,998,1010,12,"http://maps.google.com/maps/api/staticmap?size=500x500&sensor=false&maptype=road&markers=color%3Agreen%7Clabel%3A1%7C39.16194,-84.45694&markers=color%3Ared%7C32.72528,-97.32056&markers=color%3Agreen%7Clabel%3A2%7C39.16194,-84.45694&markers=color%3Ared%7Clabel%3A2%7C32.72528,-97.32056&markers=color%3Agreen%7Clabel%3A3%7C39.39944,-84.56139&markers=color%3Ared%7Clabel%3A3%7C32.78333,-96.8&markers=color%3Agreen%7Clabel%3A4%7C39.09083,-84.85&markers=color%3Ared%7Clabel%3A4%7C32.78333,-96.8&markers=color%3Agreen%7Clabel%3A5%7C39.36,-84.31&markers=color%3Ared%7Clabel%3A5%7C32.9125,-96.63861"
1731,976,978,2,"http://maps.google.com/maps/api/staticmap?size=500x500&sensor=false&maptype=road&markers=color%3Agreen%7Clabel%3A1%7C32.84056,-83.6325&markers=color%3Ared%7C30.26694,-97.74278&markers=color%3Agreen%7Clabel%3A2%7C32.84056,-83.6325&markers=color%3Ared%7Clabel%3A2%7C30.26694,-97.74278&markers=color%3Agreen%7Clabel%3A3%7C33.44722,-84.14694&markers=color%3Ared%7Clabel%3A3%7C30.26694,-97.74278&markers=color%3Agreen%7Clabel%3A4%7C32.84056,-83.6325&markers=color%3Ared%7Clabel%3A4%7C31.09806,-97.3425&markers=color%3Agreen%7Clabel%3A5%7C33.44722,-84.14694&markers=color%3Ared%7Clabel%3A5%7C31.09806,-97.3425"
1760,1190,1190,0,"http://maps.google.com/maps/api/staticmap?size=500x500&sensor=false&maptype=road&markers=color%3Agreen%7Clabel%3A1%7C34.8525,-82.39417&markers=color%3Ared%7C40.925,-98.34167&markers=color%3Agreen%7Clabel%3A2%7C34.8525,-82.39417&markers=color%3Ared%7Clabel%3A2%7C40.925,-98.34167"
1763,1202,1187,-15,"http://maps.google.com/maps/api/staticmap?size=500x500&sensor=false&maptype=road&markers=color%3Agreen%7Clabel%3A1%7C32.14889,-81.16333&markers=color%3Ared%7C29.42389,-98.49333&markers=color%3Agreen%7Clabel%3A2%7C32.14889,-81.16333&markers=color%3Ared%7Clabel%3A2%7C29.42389,-98.49333&markers=color%3Agreen%7Clabel%3A3%7C32.08333,-81.1&markers=color%3Ared%7Clabel%3A3%7C29.42389,-98.49333&markers=color%3Agreen%7Clabel%3A4%7C32.08333,-81.1&markers=color%3Ared%7Clabel%3A4%7C29.42389,-98.49333&markers=color%3Agreen%7Clabel%3A5%7C32.08333,-81.1&markers=color%3Ared%7Clabel%3A5%7C29.70278,-98.12417"
1764,1303,1301,-2,"http://maps.google.com/maps/api/staticmap?size=500x500&sensor=false&maptype=road&markers=color%3Agreen%7Clabel%3A1%7C41.76028,-81.14111&markers=color%3Ared%7C31.67972,-96.48194&markers=color%3Agreen%7Clabel%3A2%7C41.76028,-81.14111&markers=color%3Ared%7Clabel%3A2%7C31.67972,-96.48194&markers=color%3Agreen%7Clabel%3A3%7C41.76028,-81.14111&markers=color%3Ared%7Clabel%3A3%7C31.67972,-96.48194&markers=color%3Agreen%7Clabel%3A4%7C41.76028,-81.14111&markers=color%3Ared%7Clabel%3A4%7C31.67972,-96.48194&markers=color%3Agreen%7Clabel%3A5%7C41.76028,-81.14111&markers=color%3Ared%7Clabel%3A5%7C31.67972,-96.48194"
1768,1094,1090,-4,"http://maps.google.com/maps/api/staticmap?size=500x500&sensor=false&maptype=road&markers=color%3Agreen%7Clabel%3A1%7C34.11694,-83.5725&markers=color%3Ared%7C27.80028,-97.39611&markers=color%3Agreen%7Clabel%3A2%7C34.11694,-83.5725&markers=color%3Ared%7Clabel%3A2%7C27.80028,-97.39611&markers=color%3Agreen%7Clabel%3A3%7C33.74889,-84.38806&markers=color%3Ared%7Clabel%3A3%7C27.80028,-97.39611&markers=color%3Agreen%7Clabel%3A4%7C33.74889,-84.38806&markers=color%3Ared%7Clabel%3A4%7C27.80028,-97.39611"
1781,579,579,0,"http://maps.google.com/maps/api/staticmap?size=500x500&sensor=false&maptype=road&markers=color%3Agreen%7Clabel%3A1%7C33.24472,-81.35889&markers=color%3Ared%7C36.15333,-88.80056&markers=color%3Agreen%7Clabel%3A2%7C33.24472,-81.35889&markers=color%3Ared%7Clabel%3A2%7C36.15333,-88.80056"
1789,634,634,0,"http://maps.google.com/maps/api/staticmap?size=500x500&sensor=false&maptype=road&markers=color%3Agreen%7Clabel%3A1%7C38.04917,-84.50028&markers=color%3Ared%7C34.12083,-93.05361&markers=color%3Agreen%7Clabel%3A2%7C38.04917,-84.50028&markers=color%3Ared%7Clabel%3A2%7C34.12083,-93.05361"
1803,1118,1113,-5,"http://maps.google.com/maps/api/staticmap?size=500x500&sensor=false&maptype=road&markers=color%3Agreen%7Clabel%3A1%7C32.08333,-81.1&markers=color%3Ared%7C31.09806,-97.3425&markers=color%3Agreen%7Clabel%3A2%7C32.08333,-81.1&markers=color%3Ared%7Clabel%3A2%7C31.09806,-97.3425&markers=color%3Agreen%7Clabel%3A3%7C32.16139,-81.90417&markers=color%3Ared%7Clabel%3A3%7C31.09806,-97.3425&markers=color%3Agreen%7Clabel%3A4%7C32.08333,-81.1&markers=color%3Ared%7Clabel%3A4%7C30.26694,-97.74278&markers=color%3Agreen%7Clabel%3A5%7C32.16139,-81.90417&markers=color%3Ared%7Clabel%3A5%7C30.26694,-97.74278"
1806,1044,1044,0,"http://maps.google.com/maps/api/staticmap?size=500x500&sensor=false&maptype=road&markers=color%3Agreen%7Clabel%3A1%7C34.43611,-84.7&markers=color%3Ared%7C29.42389,-98.49333&markers=color%3Agreen%7Clabel%3A2%7C34.43611,-84.7&markers=color%3Ared%7Clabel%3A2%7C29.42389,-98.49333"
1814,460,460,0,"http://maps.google.com/maps/api/staticmap?size=500x500&sensor=false&maptype=road&markers=color%3Agreen%7Clabel%3A1%7C34.93861,-82.22722&markers=color%3Ared%7C30.88278,-87.77306&markers=color%3Agreen%7Clabel%3A2%7C34.93861,-82.22722&markers=color%3Ared%7Clabel%3A2%7C30.88278,-87.77306"
1817,1222,1217,-5,"http://maps.google.com/maps/api/staticmap?size=500x500&sensor=false&maptype=road&markers=color%3Agreen%7Clabel%3A1%7C37.33417,-79.52333&markers=color%3Ared%7C29.76306,-95.36306&markers=color%3Agreen%7Clabel%3A2%7C37.33417,-79.52333&markers=color%3Ared%7Clabel%3A2%7C29.76306,-95.36306&markers=color%3Agreen%7Clabel%3A3%7C37.33417,-79.52333&markers=color%3Ared%7Clabel%3A3%7C29.76306,-95.36306&markers=color%3Agreen%7Clabel%3A4%7C37.33417,-79.52333&markers=color%3Ared%7Clabel%3A4%7C29.705,-95.12361&markers=color%3Agreen%7Clabel%3A5%7C37.33417,-79.52333&markers=color%3Ared%7Clabel%3A5%7C29.705,-95.12361"
1819,719,719,0,"http://maps.google.com/maps/api/staticmap?size=500x500&sensor=false&maptype=road&markers=color%3Agreen%7Clabel%3A1%7C34.05778,-79.75333&markers=color%3Ared%7C33.45083,-90.655&markers=color%3Agreen%7Clabel%3A2%7C34.05778,-79.75333&markers=color%3Ared%7Clabel%3A2%7C33.45083,-90.655"
1826,693,690,-3,"http://maps.google.com/maps/api/staticmap?size=500x500&sensor=false&maptype=road&markers=color%3Agreen%7Clabel%3A1%7C35.29222,-81.53583&markers=color%3Ared%7C30.50417,-90.46111&markers=color%3Agreen%7Clabel%3A2%7C35.29222,-81.53583&markers=color%3Ared%7Clabel%3A2%7C30.50417,-90.46111&markers=color%3Agreen%7Clabel%3A3%7C35.29222,-81.53583&markers=color%3Ared%7Clabel%3A3%7C30.50417,-90.46111&markers=color%3Agreen%7Clabel%3A4%7C35.22694,-80.84333&markers=color%3Ared%7Clabel%3A4%7C29.95444,-90.075&markers=color%3Agreen%7Clabel%3A5%7C35.58472,-80.81028&markers=color%3Ared%7Clabel%3A5%7C30.45056,-91.15444"
1840,327,329,2,"http://maps.google.com/maps/api/staticmap?size=500x500&sensor=false&maptype=road&markers=color%3Agreen%7Clabel%3A1%7C33.74889,-84.38806&markers=color%3Ared%7C30.69417,-88.04306&markers=color%3Agreen%7Clabel%3A2%7C33.74889,-84.38806&markers=color%3Ared%7Clabel%3A2%7C30.69417,-88.04306&markers=color%3Agreen%7Clabel%3A3%7C33.74889,-84.38806&markers=color%3Ared%7Clabel%3A3%7C30.69417,-88.04306&markers=color%3Agreen%7Clabel%3A4%7C33.6675,-84.01778&markers=color%3Ared%7Clabel%3A4%7C30.5475,-88.17528&markers=color%3Agreen%7Clabel%3A5%7C33.6675,-84.01778&markers=color%3Ared%7Clabel%3A5%7C30.5475,-88.17528"
1854,956,967,11,"http://maps.google.com/maps/api/staticmap?size=500x500&sensor=false&maptype=road&markers=color%3Agreen%7Clabel%3A1%7C34.8525,-82.39417&markers=color%3Ared%7C29.76306,-95.36306&markers=color%3Agreen%7Clabel%3A2%7C34.8525,-82.39417&markers=color%3Ared%7Clabel%3A2%7C29.76306,-95.36306&markers=color%3Agreen%7Clabel%3A3%7C34.8525,-82.39417&markers=color%3Ared%7Clabel%3A3%7C29.76306,-95.36306&markers=color%3Agreen%7Clabel%3A4%7C35.01667,-81.80417&markers=color%3Ared%7Clabel%3A4%7C29.76306,-95.36306&markers=color%3Agreen%7Clabel%3A5%7C35.46611,-82.51667&markers=color%3Ared%7Clabel%3A5%7C30.155,-95.21111"
1859,1358,1300,-58,"http://maps.google.com/maps/api/staticmap?size=500x500&sensor=false&maptype=road&markers=color%3Agreen%7Clabel%3A1%7C32.08333,-81.1&markers=color%3Ared%7C25.90139,-97.49722&markers=color%3Agreen%7Clabel%3A2%7C32.08333,-81.1&markers=color%3Ared%7Clabel%3A2%7C25.90139,-97.49722&markers=color%3Agreen%7Clabel%3A3%7C32.08333,-81.1&markers=color%3Ared%7Clabel%3A3%7C26.20306,-98.22972&markers=color%3Agreen%7Clabel%3A4%7C31.60722,-81.88556&markers=color%3Ared%7Clabel%3A4%7C26.20306,-98.22972"
1861,1299,1310,11,"http://maps.google.com/maps/api/staticmap?size=500x500&sensor=false&maptype=road&markers=color%3Agreen%7Clabel%3A1%7C35.29222,-81.53583&markers=color%3Ared%7C35.22194,-101.83083&markers=color%3Agreen%7Clabel%3A2%7C35.29222,-81.53583&markers=color%3Ared%7Clabel%3A2%7C35.22194,-101.83083&markers=color%3Agreen%7Clabel%3A3%7C34.72028,-80.77111&markers=color%3Ared%7Clabel%3A3%7C35.22194,-101.83083"
1874,1316,1316,0,"http://maps.google.com/maps/api/staticmap?size=500x500&sensor=false&maptype=road&markers=color%3Agreen%7Clabel%3A1%7C36.11972,-80.07389&markers=color%3Ared%7C29.42389,-98.49333&markers=color%3Agreen%7Clabel%3A2%7C36.11972,-80.07389&markers=color%3Ared%7Clabel%3A2%7C29.42389,-98.49333"
1877,2195,2197,2,"http://maps.google.com/maps/api/staticmap?size=500x500&sensor=false&maptype=road&markers=color%3Agreen%7Clabel%3A1%7C34.185,-83.92528&markers=color%3Ared%7C34.10694,-117.93444&markers=color%3Agreen%7Clabel%3A2%7C34.185,-83.92528&markers=color%3Ared%7Clabel%3A2%7C34.10694,-117.93444&markers=color%3Agreen%7Clabel%3A3%7C33.74889,-84.38806&markers=color%3Ared%7Clabel%3A3%7C34.01972,-117.95778&markers=color%3Agreen%7Clabel%3A4%7C33.74889,-84.38806&markers=color%3Ared%7Clabel%3A4%7C34.01972,-117.95778"
1879,147,147,0,"http://maps.google.com/maps/api/staticmap?size=500x500&sensor=false&maptype=road&markers=color%3Agreen%7Clabel%3A1%7C35.04556,-85.30972&markers=color%3Ared%7C33.52056,-86.8025&markers=color%3Agreen%7Clabel%3A2%7C35.04556,-85.30972&markers=color%3Ared%7Clabel%3A2%7C33.52056,-86.8025&markers=color%3Agreen%7Clabel%3A3%7C35.04556,-85.30972&markers=color%3Ared%7Clabel%3A3%7C33.52056,-86.8025"
1889,251,257,6,"http://maps.google.com/maps/api/staticmap?size=500x500&sensor=false&maptype=road&markers=color%3Agreen%7Clabel%3A1%7C33.59667,-83.86028&markers=color%3Ared%7C33.20972,-87.56917&markers=color%3Agreen%7Clabel%3A2%7C33.59667,-83.86028&markers=color%3Ared%7Clabel%3A2%7C33.20972,-87.56917&markers=color%3Agreen%7Clabel%3A3%7C33.6152,-84.36749&markers=color%3Ared%7Clabel%3A3%7C33.18944,-87.45167&markers=color%3Agreen%7Clabel%3A4%7C33.74889,-84.38806&markers=color%3Ared%7Clabel%3A4%7C33.40167,-86.95444&markers=color%3Agreen%7Clabel%3A5%7C33.6675,-84.01778&markers=color%3Ared%7Clabel%3A5%7C32.83861,-86.62944"
1896,379,383,4,"http://maps.google.com/maps/api/staticmap?size=500x500&sensor=false&maptype=road&markers=color%3Agreen%7Clabel%3A1%7C33.74889,-84.38806&markers=color%3Ared%7C35.14944,-90.04889&markers=color%3Agreen%7Clabel%3A2%7C33.74889,-84.38806&markers=color%3Ared%7Clabel%3A2%7C35.14944,-90.04889&markers=color%3Agreen%7Clabel%3A3%7C33.6675,-84.01778&markers=color%3Ared%7Clabel%3A3%7C35.14944,-90.04889"
1905,313,310,-3,"http://maps.google.com/maps/api/staticmap?size=500x500&sensor=false&maptype=road&markers=color%3Agreen%7Clabel%3A1%7C35.96056,-83.92083&markers=color%3Ared%7C33.20972,-87.56917&markers=color%3Agreen%7Clabel%3A2%7C35.96056,-83.92083&markers=color%3Ared%7Clabel%3A2%7C33.20972,-87.56917&markers=color%3Agreen%7Clabel%3A3%7C35.96056,-83.92083&markers=color%3Ared%7Clabel%3A3%7C33.52056,-86.8025"
1907,1317,1317,0,"http://maps.google.com/maps/api/staticmap?size=500x500&sensor=false&maptype=road&markers=color%3Agreen%7Clabel%3A1%7C35.53278,-82.8375&markers=color%3Ared%7C26.15917,-97.99056&markers=color%3Agreen%7Clabel%3A2%7C35.53278,-82.8375&markers=color%3Ared%7Clabel%3A2%7C26.15917,-97.99056"
1938,2447,2447,0,"http://maps.google.com/maps/api/staticmap?size=500x500&sensor=false&maptype=road&markers=color%3Agreen%7Clabel%3A1%7C33.74889,-84.38806&markers=color%3Ared%7C37.66889,-122.07972&markers=color%3Agreen%7Clabel%3A2%7C33.74889,-84.38806&markers=color%3Ared%7Clabel%3A2%7C37.66889,-122.07972&markers=color%3Agreen%7Clabel%3A3%7C33.74889,-84.38806&markers=color%3Ared%7Clabel%3A3%7C37.66889,-122.07972"
1940,2447,2447,0,"http://maps.google.com/maps/api/staticmap?size=500x500&sensor=false&maptype=road&markers=color%3Agreen%7Clabel%3A1%7C33.74889,-84.38806&markers=color%3Ared%7C37.66889,-122.07972&markers=color%3Agreen%7Clabel%3A2%7C33.74889,-84.38806&markers=color%3Ared%7Clabel%3A2%7C37.66889,-122.07972&markers=color%3Agreen%7Clabel%3A3%7C33.74889,-84.38806&markers=color%3Ared%7Clabel%3A3%7C37.66889,-122.07972"
1947,2724,2724,0,"http://maps.google.com/maps/api/staticmap?size=500x500&sensor=false&maptype=road&markers=color%3Agreen%7Clabel%3A1%7C34.60806,-82.11361&markers=color%3Ared%7C45.63889,-122.66028&markers=color%3Agreen%7Clabel%3A2%7C34.60806,-82.11361&markers=color%3Ared%7Clabel%3A2%7C45.63889,-122.66028"
1949,762,762,0,"http://maps.google.com/maps/api/staticmap?size=500x500&sensor=false&maptype=road&markers=color%3Agreen%7Clabel%3A1%7C32.84056,-83.6325&markers=color%3Ared%7C40.62139,-79.15278&markers=color%3Agreen%7Clabel%3A2%7C32.84056,-83.6325&markers=color%3Ared%7Clabel%3A2%7C40.62139,-79.15278&markers=color%3Agreen%7Clabel%3A3%7C31.96333,-83.7825&markers=color%3Ared%7Clabel%3A3%7C40.75389,-79.81028"
1972,463,443,-20,"http://maps.google.com/maps/api/staticmap?size=500x500&sensor=false&maptype=road&markers=color%3Agreen%7Clabel%3A1%7C36.07694,-87.38778&markers=color%3Ared%7C40.19833,-83.01028&markers=color%3Agreen%7Clabel%3A2%7C36.07694,-87.38778&markers=color%3Ared%7Clabel%3A2%7C40.19833,-83.01028&markers=color%3Agreen%7Clabel%3A3%7C36.58167,-86.51639&markers=color%3Ared%7Clabel%3A3%7C40.29861,-83.06806&markers=color%3Agreen%7Clabel%3A4%7C36.86556,-87.48861&markers=color%3Ared%7Clabel%3A4%7C39.96111,-82.99889"
1973,1276,1276,0,"http://maps.google.com/maps/api/staticmap?size=500x500&sensor=false&maptype=road&markers=color%3Agreen%7Clabel%3A1%7C35.87556,-89.39611&markers=color%3Ared%7C42.375,-70.98333&markers=color%3Agreen%7Clabel%3A2%7C35.87556,-89.39611&markers=color%3Ared%7Clabel%3A2%7C42.375,-70.98333&markers=color%3Agreen%7Clabel%3A3%7C35.87556,-89.39611&markers=color%3Ared%7Clabel%3A3%7C42.375,-70.98333&markers=color%3Agreen%7Clabel%3A4%7C35.87556,-89.39611&markers=color%3Ared%7Clabel%3A4%7C42.375,-70.98333&markers=color%3Agreen%7Clabel%3A5%7C35.87556,-89.39611&markers=color%3Ared%7Clabel%3A5%7C42.375,-70.98333"
1984,1252,1253,1,"http://maps.google.com/maps/api/staticmap?size=500x500&sensor=false&maptype=road&markers=color%3Agreen%7Clabel%3A1%7C31.03278,-85.86389&markers=color%3Ared%7C41.92917,-72.62778&markers=color%3Agreen%7Clabel%3A2%7C31.03278,-85.86389&markers=color%3Ared%7Clabel%3A2%7C41.92917,-72.62778&markers=color%3Agreen%7Clabel%3A3%7C31.03278,-85.86389&markers=color%3Ared%7Clabel%3A3%7C42.14861,-72.60833"
1988,829,831,2,"http://maps.google.com/maps/api/staticmap?size=500x500&sensor=false&maptype=road&markers=color%3Agreen%7Clabel%3A1%7C33.31,-89.17278&markers=color%3Ared%7C38.47306,-77.99694&markers=color%3Agreen%7Clabel%3A2%7C33.31,-89.17278&markers=color%3Ared%7Clabel%3A2%7C38.47306,-77.99694&markers=color%3Agreen%7Clabel%3A3%7C33.31,-89.17278&markers=color%3Ared%7Clabel%3A3%7C38.47306,-77.99694&markers=color%3Agreen%7Clabel%3A4%7C33.31,-89.17278&markers=color%3Ared%7Clabel%3A4%7C38.47306,-77.99694&markers=color%3Agreen%7Clabel%3A5%7C33.31,-89.17278&markers=color%3Ared%7Clabel%3A5%7C38.47306,-77.99694"
1995,1343,1333,-10,"http://maps.google.com/maps/api/staticmap?size=500x500&sensor=false&maptype=road&markers=color%3Agreen%7Clabel%3A1%7C30.43806,-84.28083&markers=color%3Ared%7C42.35833,-71.06028&markers=color%3Agreen%7Clabel%3A2%7C30.43806,-84.28083&markers=color%3Ared%7Clabel%3A2%7C42.35833,-71.06028&markers=color%3Agreen%7Clabel%3A3%7C30.43806,-84.28083&markers=color%3Ared%7Clabel%3A3%7C42.35833,-71.06028&markers=color%3Agreen%7Clabel%3A4%7C31.17972,-83.78917&markers=color%3Ared%7Clabel%3A4%7C42.35833,-71.06028&markers=color%3Agreen%7Clabel%3A5%7C30.71222,-85.02028&markers=color%3Ared%7Clabel%3A5%7C42.72611,-71.19139"
2003,767,766,-1,"http://maps.google.com/maps/api/staticmap?size=500x500&sensor=false&maptype=road&markers=color%3Agreen%7Clabel%3A1%7C34.00056,-81.035&markers=color%3Ared%7C41.3625,-74.27167&markers=color%3Agreen%7Clabel%3A2%7C34.00056,-81.035&markers=color%3Ared%7Clabel%3A2%7C41.3625,-74.27167&markers=color%3Agreen%7Clabel%3A3%7C33.35778,-81.27083&markers=color%3Ared%7Clabel%3A3%7C41.3625,-74.27167&markers=color%3Agreen%7Clabel%3A4%7C33.35778,-81.27083&markers=color%3Ared%7Clabel%3A4%7C41.3625,-74.27167&markers=color%3Agreen%7Clabel%3A5%7C34.72028,-80.77111&markers=color%3Ared%7Clabel%3A5%7C40.73222,-74.23528"
2010,431,433,2,"http://maps.google.com/maps/api/staticmap?size=500x500&sensor=false&maptype=road&markers=color%3Agreen%7Clabel%3A1%7C34.99417,-81.24222&markers=color%3Ared%7C38.80472,-77.04722&markers=color%3Agreen%7Clabel%3A2%7C34.99417,-81.24222&markers=color%3Ared%7Clabel%3A2%7C38.80472,-77.04722&markers=color%3Agreen%7Clabel%3A3%7C34.99417,-81.24222&markers=color%3Ared%7Clabel%3A3%7C38.80472,-77.04722&markers=color%3Agreen%7Clabel%3A4%7C35.58472,-80.81028&markers=color%3Ared%7Clabel%3A4%7C38.81583,-76.75&markers=color%3Agreen%7Clabel%3A5%7C34.77306,-80.39194&markers=color%3Ared%7Clabel%3A5%7C39.14917,-76.77556"
2012,543,553,10,"http://maps.google.com/maps/api/staticmap?size=500x500&sensor=false&maptype=road&markers=color%3Agreen%7Clabel%3A1%7C38.25417,-85.75944&markers=color%3Ared%7C42.88639,-78.87861&markers=color%3Agreen%7Clabel%3A2%7C38.25417,-85.75944&markers=color%3Ared%7Clabel%3A2%7C42.88639,-78.87861&markers=color%3Agreen%7Clabel%3A3%7C38.25417,-85.75944&markers=color%3Ared%7Clabel%3A3%7C42.91194,-77.74583"
2015,325,330,5,"http://maps.google.com/maps/api/staticmap?size=500x500&sensor=false&maptype=road&markers=color%3Agreen%7Clabel%3A1%7C36.09583,-79.26722&markers=color%3Ared%7C39.29028,-76.6125&markers=color%3Agreen%7Clabel%3A2%7C36.09583,-79.26722&markers=color%3Ared%7Clabel%3A2%7C39.29028,-76.6125&markers=color%3Agreen%7Clabel%3A3%7C36.0725,-79.79222&markers=color%3Ared%7Clabel%3A3%7C39.29028,-76.6125&markers=color%3Agreen%7Clabel%3A4%7C36.83583,-79.22806&markers=color%3Ared%7Clabel%3A4%7C39.29028,-76.6125&markers=color%3Agreen%7Clabel%3A5%7C36.83583,-79.22806&markers=color%3Ared%7Clabel%3A5%7C39.29028,-76.6125"
2022,446,439,-7,"http://maps.google.com/maps/api/staticmap?size=500x500&sensor=false&maptype=road&markers=color%3Agreen%7Clabel%3A1%7C34.77306,-80.39194&markers=color%3Ared%7C39.14917,-76.77556&markers=color%3Agreen%7Clabel%3A2%7C34.77306,-80.39194&markers=color%3Ared%7Clabel%3A2%7C39.14917,-76.77556&markers=color%3Agreen%7Clabel%3A3%7C34.6975,-79.88361&markers=color%3Ared%7Clabel%3A3%7C39.14333,-77.20167&markers=color%3Agreen%7Clabel%3A4%7C34.19528,-79.76278&markers=color%3Ared%7Clabel%3A4%7C39.14917,-76.77556&markers=color%3Agreen%7Clabel%3A5%7C34.77306,-80.39194&markers=color%3Ared%7Clabel%3A5%7C39.9625,-76.72806"
2026,528,528,0,"http://maps.google.com/maps/api/staticmap?size=500x500&sensor=false&maptype=road&markers=color%3Agreen%7Clabel%3A1%7C29.61306,-82.81778&markers=color%3Ared%7C35.67083,-80.47444&markers=color%3Agreen%7Clabel%3A2%7C29.61306,-82.81778&markers=color%3Ared%7Clabel%3A2%7C35.67083,-80.47444"
2051,908,914,6,"http://maps.google.com/maps/api/staticmap?size=500x500&sensor=false&maptype=road&markers=color%3Agreen%7Clabel%3A1%7C31.78833,-87.72722&markers=color%3Ared%7C39.62361,-77.41111&markers=color%3Agreen%7Clabel%3A2%7C31.78833,-87.72722&markers=color%3Ared%7Clabel%3A2%7C39.62361,-77.41111&markers=color%3Agreen%7Clabel%3A3%7C31.78833,-87.72722&markers=color%3Ared%7Clabel%3A3%7C39.62361,-77.41111&markers=color%3Agreen%7Clabel%3A4%7C31.78833,-87.72722&markers=color%3Ared%7Clabel%3A4%7C39.29028,-76.6125&markers=color%3Agreen%7Clabel%3A5%7C30.92972,-88.02722&markers=color%3Ared%7Clabel%3A5%7C39.9625,-76.72806"
2054,155,157,2,"http://maps.google.com/maps/api/staticmap?size=500x500&sensor=false&maptype=road&markers=color%3Agreen%7Clabel%3A1%7C37.52722,-79.68&markers=color%3Ared%7C37.66583,-77.50667&markers=color%3Agreen%7Clabel%3A2%7C37.52722,-79.68&markers=color%3Ared%7Clabel%3A2%7C37.66583,-77.50667&markers=color%3Agreen%7Clabel%3A3%7C37.52722,-79.68&markers=color%3Ared%7Clabel%3A3%7C37.55361,-77.46056&markers=color%3Agreen%7Clabel%3A4%7C37.73417,-79.35417&markers=color%3Ared%7Clabel%3A4%7C37.55361,-77.46056"
2057,314,300,-14,"http://maps.google.com/maps/api/staticmap?size=500x500&sensor=false&maptype=road&markers=color%3Agreen%7Clabel%3A1%7C36.1125,-80.01472&markers=color%3Ared%7C38.62444,-76.93944&markers=color%3Agreen%7Clabel%3A2%7C36.1125,-80.01472&markers=color%3Ared%7Clabel%3A2%7C38.62444,-76.93944&markers=color%3Agreen%7Clabel%3A3%7C36.0725,-79.79222&markers=color%3Ared%7Clabel%3A3%7C39.29028,-76.6125&markers=color%3Agreen%7Clabel%3A4%7C36.0725,-79.79222&markers=color%3Ared%7Clabel%3A4%7C39.37194,-77.27222&markers=color%3Agreen%7Clabel%3A5%7C35.58472,-80.81028&markers=color%3Ared%7Clabel%3A5%7C38.81583,-76.75"
2064,583,569,-14,"http://maps.google.com/maps/api/staticmap?size=500x500&sensor=false&maptype=road&markers=color%3Agreen%7Clabel%3A1%7C37.88056,-84.57306&markers=color%3Ared%7C36.6775,-76.92278&markers=color%3Agreen%7Clabel%3A2%7C37.88056,-84.57306&markers=color%3Ared%7Clabel%3A2%7C36.6775,-76.92278&markers=color%3Agreen%7Clabel%3A3%7C38.04917,-84.50028&markers=color%3Ared%7Clabel%3A3%7C37.22028,-77.28833&markers=color%3Agreen%7Clabel%3A4%7C38.04917,-84.50028&markers=color%3Ared%7Clabel%3A4%7C37.22028,-77.28833"
2106,553,537,-16,"http://maps.google.com/maps/api/staticmap?size=500x500&sensor=false&maptype=road&markers=color%3Agreen%7Clabel%3A1%7C33.43583,-86.10583&markers=color%3Ared%7C39.55889,-84.30417&markers=color%3Agreen%7Clabel%3A2%7C33.43583,-86.10583&markers=color%3Ared%7Clabel%3A2%7C39.55889,-84.30417&markers=color%3Agreen%7Clabel%3A3%7C33.43583,-86.10583&markers=color%3Ared%7Clabel%3A3%7C39.55889,-84.30417&markers=color%3Agreen%7Clabel%3A4%7C33.43583,-86.10583&markers=color%3Ared%7Clabel%3A4%7C39.55889,-84.30417"
2112,701,714,13,"http://maps.google.com/maps/api/staticmap?size=500x500&sensor=false&maptype=road&markers=color%3Agreen%7Clabel%3A1%7C31.71472,-83.25278&markers=color%3Ared%7C39.18556,-78.16361&markers=color%3Agreen%7Clabel%3A2%7C31.71472,-83.25278&markers=color%3Ared%7Clabel%3A2%7C39.18556,-78.16361&markers=color%3Agreen%7Clabel%3A3%7C31.17972,-83.78917&markers=color%3Ared%7Clabel%3A3%7C39.62361,-77.41111"
2114,951,951,0,"http://maps.google.com/maps/api/staticmap?size=500x500&sensor=false&maptype=road&markers=color%3Agreen%7Clabel%3A1%7C34.24778,-88.99861&markers=color%3Ared%7C42.88639,-78.87861&markers=color%3Agreen%7Clabel%3A2%7C34.24778,-88.99861&markers=color%3Ared%7Clabel%3A2%7C42.88639,-78.87861&markers=color%3Agreen%7Clabel%3A3%7C34.24778,-88.99861&markers=color%3Ared%7Clabel%3A3%7C42.88639,-78.87861"
2118,994,1045,51,"http://maps.google.com/maps/api/staticmap?size=500x500&sensor=false&maptype=road&markers=color%3Agreen%7Clabel%3A1%7C35.14944,-90.04889&markers=color%3Ared%7C39.7475,-75.31083&markers=color%3Agreen%7Clabel%3A2%7C35.14944,-90.04889&markers=color%3Ared%7Clabel%3A2%7C39.7475,-75.31083&markers=color%3Agreen%7Clabel%3A3%7C35.92722,-89.91889&markers=color%3Ared%7Clabel%3A3%7C40.19944,-75.58417&markers=color%3Agreen%7Clabel%3A4%7C35.92,-89.79806&markers=color%3Ared%7Clabel%3A4%7C40.19944,-75.58417&markers=color%3Agreen%7Clabel%3A5%7C35.92,-89.79806&markers=color%3Ared%7Clabel%3A5%7C40.19944,-75.58417"
2136,147,155,8,"http://maps.google.com/maps/api/staticmap?size=500x500&sensor=false&maptype=road&markers=color%3Agreen%7Clabel%3A1%7C33.52056,-86.8025&markers=color%3Ared%7C33.74889,-84.38806&markers=color%3Agreen%7Clabel%3A2%7C33.52056,-86.8025&markers=color%3Ared%7Clabel%3A2%7C33.74889,-84.38806&markers=color%3Agreen%7Clabel%3A3%7C33.52056,-86.8025&markers=color%3Ared%7Clabel%3A3%7C33.85444,-84.21722&markers=color%3Agreen%7Clabel%3A4%7C33.52056,-86.8025&markers=color%3Ared%7Clabel%3A4%7C33.71222,-84.10528&markers=color%3Agreen%7Clabel%3A5%7C33.52056,-86.8025&markers=color%3Ared%7Clabel%3A5%7C34.02333,-84.61556"
2139,1108,1102,-6,"http://maps.google.com/maps/api/staticmap?size=500x500&sensor=false&maptype=road&markers=color%3Agreen%7Clabel%3A1%7C34.11694,-83.5725&markers=color%3Ared%7C43.44222,-71.58944&markers=color%3Agreen%7Clabel%3A2%7C34.11694,-83.5725&markers=color%3Ared%7Clabel%3A2%7C43.44222,-71.58944&markers=color%3Agreen%7Clabel%3A3%7C34.11694,-83.5725&markers=color%3Ared%7Clabel%3A3%7C43.53417,-72.35667&markers=color%3Agreen%7Clabel%3A4%7C33.9925,-83.72028&markers=color%3Ared%7Clabel%3A4%7C42.99556,-71.45528&markers=color%3Agreen%7Clabel%3A5%7C33.9925,-83.72028&markers=color%3Ared%7Clabel%3A5%7C42.99556,-71.45528"
2143,694,691,-3,"http://maps.google.com/maps/api/staticmap?size=500x500&sensor=false&maptype=road&markers=color%3Agreen%7Clabel%3A1%7C33.06889,-81.47667&markers=color%3Ared%7C39.95222,-75.16417&markers=color%3Agreen%7Clabel%3A2%7C33.06889,-81.47667&markers=color%3Ared%7Clabel%3A2%7C39.95222,-75.16417&markers=color%3Agreen%7Clabel%3A3%7C32.75028,-81.63694&markers=color%3Ared%7Clabel%3A3%7C39.95222,-75.16417&markers=color%3Agreen%7Clabel%3A4%7C33.00778,-81.30861&markers=color%3Ared%7Clabel%3A4%7C40.183,-74.833&markers=color%3Agreen%7Clabel%3A5%7C33.46667,-82.01667&markers=color%3Ared%7Clabel%3A5%7C40.11944,-74.80583"
2165,614,622,8,"http://maps.google.com/maps/api/staticmap?size=500x500&sensor=false&maptype=road&markers=color%3Agreen%7Clabel%3A1%7C27.783,-82.667&markers=color%3Ared%7C35.22694,-80.84333&markers=color%3Agreen%7Clabel%3A2%7C27.783,-82.667&markers=color%3Ared%7Clabel%3A2%7C35.22694,-80.84333&markers=color%3Agreen%7Clabel%3A3%7C27.94722,-82.45861&markers=color%3Ared%7Clabel%3A3%7C35.73306,-81.34139"
2168,881,872,-9,"http://maps.google.com/maps/api/staticmap?size=500x500&sensor=false&maptype=road&markers=color%3Agreen%7Clabel%3A1%7C37.76222,-84.84333&markers=color%3Ared%7C42.10139,-72.59028&markers=color%3Agreen%7Clabel%3A2%7C37.76222,-84.84333&markers=color%3Ared%7Clabel%3A2%7C42.10139,-72.59028&markers=color%3Agreen%7Clabel%3A3%7C37.76222,-84.84333&markers=color%3Ared%7Clabel%3A3%7C42.10139,-72.59028&markers=color%3Agreen%7Clabel%3A4%7C37.80917,-85.46694&markers=color%3Ared%7Clabel%3A4%7C41.76361,-72.68556&markers=color%3Agreen%7Clabel%3A5%7C37.80917,-85.46694&markers=color%3Ared%7Clabel%3A5%7C41.59639,-72.87806"
2171,1016,1008,-8,"http://maps.google.com/maps/api/staticmap?size=500x500&sensor=false&maptype=road&markers=color%3Agreen%7Clabel%3A1%7C33.74889,-84.38806&markers=color%3Ared%7C42.70444,-73.91194&markers=color%3Agreen%7Clabel%3A2%7C33.74889,-84.38806&markers=color%3Ared%7Clabel%3A2%7C42.70444,-73.91194&markers=color%3Agreen%7Clabel%3A3%7C33.74889,-84.38806&markers=color%3Ared%7Clabel%3A3%7C42.6525,-73.75667"
2178,317,294,-23,"http://maps.google.com/maps/api/staticmap?size=500x500&sensor=false&maptype=road&markers=color%3Agreen%7Clabel%3A1%7C33.83583,-79.04806&markers=color%3Ared%7C34.11694,-83.5725&markers=color%3Agreen%7Clabel%3A2%7C33.83583,-79.04806&markers=color%3Ared%7Clabel%3A2%7C34.11694,-83.5725&markers=color%3Agreen%7Clabel%3A3%7C34.29972,-79.87639&markers=color%3Ared%7Clabel%3A3%7C33.74889,-84.38806&markers=color%3Agreen%7Clabel%3A4%7C34.29972,-79.87639&markers=color%3Ared%7Clabel%3A4%7C33.74889,-84.38806&markers=color%3Agreen%7Clabel%3A5%7C34.29972,-79.87639&markers=color%3Ared%7Clabel%3A5%7C33.74889,-84.38806"
2182,664,664,0,"http://maps.google.com/maps/api/staticmap?size=500x500&sensor=false&maptype=road&markers=color%3Agreen%7Clabel%3A1%7C32.36444,-89.47417&markers=color%3Ared%7C36.11972,-80.07389&markers=color%3Agreen%7Clabel%3A2%7C32.36444,-89.47417&markers=color%3Ared%7Clabel%3A2%7C36.11972,-80.07389&markers=color%3Agreen%7Clabel%3A3%7C32.36444,-89.47417&markers=color%3Ared%7Clabel%3A3%7C36.11972,-80.07389&markers=color%3Agreen%7Clabel%3A4%7C32.36444,-89.47417&markers=color%3Ared%7Clabel%3A4%7C36.11972,-80.07389&markers=color%3Agreen%7Clabel%3A5%7C32.36444,-89.47417&markers=color%3Ared%7Clabel%3A5%7C36.11972,-80.07389"
2187,754,754,0,"http://maps.google.com/maps/api/staticmap?size=500x500&sensor=false&maptype=road&markers=color%3Agreen%7Clabel%3A1%7C32.28361,-83.47222&markers=color%3Ared%7C40.8,-81.533&markers=color%3Agreen%7Clabel%3A2%7C32.28361,-83.47222&markers=color%3Ared%7Clabel%3A2%7C40.8,-81.533&markers=color%3Agreen%7Clabel%3A3%7C32.28361,-83.47222&markers=color%3Ared%7Clabel%3A3%7C40.8,-81.533&markers=color%3Agreen%7Clabel%3A4%7C32.28361,-83.47222&markers=color%3Ared%7Clabel%3A4%7C40.8,-81.533&markers=color%3Agreen%7Clabel%3A5%7C32.28361,-83.47222&markers=color%3Ared%7Clabel%3A5%7C40.8,-81.533"
2209,523,511,-12,"http://maps.google.com/maps/api/staticmap?size=500x500&sensor=false&maptype=road&markers=color%3Agreen%7Clabel%3A1%7C34.77306,-80.39194&markers=color%3Ared%7C39.9625,-76.72806&markers=color%3Agreen%7Clabel%3A2%7C34.77306,-80.39194&markers=color%3Ared%7Clabel%3A2%7C39.9625,-76.72806&markers=color%3Agreen%7Clabel%3A3%7C34.77306,-80.39194&markers=color%3Ared%7Clabel%3A3%7C39.9625,-76.72806&markers=color%3Agreen%7Clabel%3A4%7C34.77306,-80.39194&markers=color%3Ared%7Clabel%3A4%7C39.9625,-76.72806&markers=color%3Agreen%7Clabel%3A5%7C34.29972,-79.87639&markers=color%3Ared%7Clabel%3A5%7C39.9625,-76.72806"
2237,1199,1199,0,"http://maps.google.com/maps/api/staticmap?size=500x500&sensor=false&maptype=road&markers=color%3Agreen%7Clabel%3A1%7C31.45028,-83.50861&markers=color%3Ared%7C42.35833,-71.06028&markers=color%3Agreen%7Clabel%3A2%7C31.45028,-83.50861&markers=color%3Ared%7Clabel%3A2%7C42.35833,-71.06028&markers=color%3Agreen%7Clabel%3A3%7C31.45028,-83.50861&markers=color%3Ared%7Clabel%3A3%7C42.35833,-71.06028&markers=color%3Agreen%7Clabel%3A4%7C31.45028,-83.50861&markers=color%3Ared%7Clabel%3A4%7C42.35833,-71.06028&markers=color%3Agreen%7Clabel%3A5%7C31.45028,-83.50861&markers=color%3Ared%7Clabel%3A5%7C42.35833,-71.06028"
2245,807,796,-11,"http://maps.google.com/maps/api/staticmap?size=500x500&sensor=false&maptype=road&markers=color%3Agreen%7Clabel%3A1%7C34.32194,-78.82722&markers=color%3Ared%7C43.00667,-74.36806&markers=color%3Agreen%7Clabel%3A2%7C34.32194,-78.82722&markers=color%3Ared%7Clabel%3A2%7C43.00667,-74.36806&markers=color%3Agreen%7Clabel%3A3%7C34.735,-79.34917&markers=color%3Ared%7Clabel%3A3%7C42.93861,-74.18861&markers=color%3Agreen%7Clabel%3A4%7C34.22556,-77.945&markers=color%3Ared%7Clabel%3A4%7C42.25278,-73.79139"
2271,980,970,-10,"http://maps.google.com/maps/api/staticmap?size=500x500&sensor=false&maptype=road&markers=color%3Agreen%7Clabel%3A1%7C28.01833,-82.11306&markers=color%3Ared%7C39.29028,-76.6125&markers=color%3Agreen%7Clabel%3A2%7C28.01833,-82.11306&markers=color%3Ared%7Clabel%3A2%7C39.29028,-76.6125&markers=color%3Agreen%7Clabel%3A3%7C28.01833,-82.11306&markers=color%3Ared%7Clabel%3A3%7C39.29028,-76.6125"
2280,625,625,0,"http://maps.google.com/maps/api/staticmap?size=500x500&sensor=false&maptype=road&markers=color%3Agreen%7Clabel%3A1%7C38.25417,-85.75944&markers=color%3Ared%7C36.04889,-77.74944&markers=color%3Agreen%7Clabel%3A2%7C38.25417,-85.75944&markers=color%3Ared%7Clabel%3A2%7C36.04889,-77.74944"
2285,1053,1045,-8,"http://maps.google.com/maps/api/staticmap?size=500x500&sensor=false&maptype=road&markers=color%3Agreen%7Clabel%3A1%7C40.10528,-85.68028&markers=color%3Ared%7C44.10028,-70.21528&markers=color%3Agreen%7Clabel%3A2%7C40.10528,-85.68028&markers=color%3Ared%7Clabel%3A2%7C44.10028,-70.21528&markers=color%3Agreen%7Clabel%3A3%7C40.10528,-85.68028&markers=color%3Ared%7Clabel%3A3%7C43.64139,-70.24139"
2297,891,891,0,"http://maps.google.com/maps/api/staticmap?size=500x500&sensor=false&maptype=road&markers=color%3Agreen%7Clabel%3A1%7C34.78306,-91.74639&markers=color%3Ared%7C40.30139,-79.53917&markers=color%3Agreen%7Clabel%3A2%7C34.78306,-91.74639&markers=color%3Ared%7Clabel%3A2%7C40.30139,-79.53917"
2313,578,575,-3,"http://maps.google.com/maps/api/staticmap?size=500x500&sensor=false&maptype=road&markers=color%3Agreen%7Clabel%3A1%7C35.92722,-89.91889&markers=color%3Ared%7C35.74528,-81.685&markers=color%3Agreen%7Clabel%3A2%7C35.92722,-89.91889&markers=color%3Ared%7Clabel%3A2%7C35.74528,-81.685&markers=color%3Agreen%7Clabel%3A3%7C35.92722,-89.91889&markers=color%3Ared%7Clabel%3A3%7C35.74528,-81.685&markers=color%3Agreen%7Clabel%3A4%7C35.92722,-89.91889&markers=color%3Ared%7Clabel%3A4%7C35.74528,-81.685&markers=color%3Agreen%7Clabel%3A5%7C35.92722,-89.91889&markers=color%3Ared%7Clabel%3A5%7C35.22694,-80.84333"
2316,463,458,-5,"http://maps.google.com/maps/api/staticmap?size=500x500&sensor=false&maptype=road&markers=color%3Agreen%7Clabel%3A1%7C37.97472,-87.55583&markers=color%3Ared%7C41.44889,-82.70806&markers=color%3Agreen%7Clabel%3A2%7C37.97472,-87.55583&markers=color%3Ared%7Clabel%3A2%7C41.44889,-82.70806&markers=color%3Agreen%7Clabel%3A3%7C37.97472,-87.55583&markers=color%3Ared%7Clabel%3A3%7C41.30417,-82.97528"
2327,593,593,0,"http://maps.google.com/maps/api/staticmap?size=500x500&sensor=false&maptype=road&markers=color%3Agreen%7Clabel%3A1%7C40.10528,-85.68028&markers=color%3Ared%7C40.33556,-75.92722&markers=color%3Agreen%7Clabel%3A2%7C40.10528,-85.68028&markers=color%3Ared%7Clabel%3A2%7C40.33556,-75.92722&markers=color%3Agreen%7Clabel%3A3%7C40.41528,-85.65056&markers=color%3Ared%7Clabel%3A3%7C39.91,-76.22&markers=color%3Agreen%7Clabel%3A4%7C39.76833,-86.15806&markers=color%3Ared%7Clabel%3A4%7C39.95222,-75.16417"
2333,867,855,-12,"http://maps.google.com/maps/api/staticmap?size=500x500&sensor=false&maptype=road&markers=color%3Agreen%7Clabel%3A1%7C31.93917,-92.59861&markers=color%3Ared%7C39.01667,-84.60083&markers=color%3Agreen%7Clabel%3A2%7C31.93917,-92.59861&markers=color%3Ared%7Clabel%3A2%7C39.01667,-84.60083&markers=color%3Agreen%7Clabel%3A3%7C31.93917,-92.59861&markers=color%3Ared%7Clabel%3A3%7C39.01667,-84.60083&markers=color%3Agreen%7Clabel%3A4%7C31.93917,-92.59861&markers=color%3Ared%7Clabel%3A4%7C39.01667,-84.60083&markers=color%3Agreen%7Clabel%3A5%7C31.93917,-92.59861&markers=color%3Ared%7Clabel%3A5%7C39.01667,-84.60083"
2335,1249,1240,-9,"http://maps.google.com/maps/api/staticmap?size=500x500&sensor=false&maptype=road&markers=color%3Agreen%7Clabel%3A1%7C31.57833,-84.15583&markers=color%3Ared%7C42.76472,-71.44028&markers=color%3Agreen%7Clabel%3A2%7C31.57833,-84.15583&markers=color%3Ared%7Clabel%3A2%7C42.76472,-71.44028&markers=color%3Agreen%7Clabel%3A3%7C31.70583,-83.65333&markers=color%3Ared%7Clabel%3A3%7C42.65833,-71.1375&markers=color%3Agreen%7Clabel%3A4%7C31.51278,-83.73861&markers=color%3Ared%7Clabel%3A4%7C42.35833,-71.06028&markers=color%3Agreen%7Clabel%3A5%7C31.51278,-83.73861&markers=color%3Ared%7Clabel%3A5%7C42.35833,-71.06028"
2336,771,771,0,"http://maps.google.com/maps/api/staticmap?size=500x500&sensor=false&maptype=road&markers=color%3Agreen%7Clabel%3A1%7C38.70139,-90.14861&markers=color%3Ared%7C43.583,-79.65&markers=color%3Agreen%7Clabel%3A2%7C38.70139,-90.14861&markers=color%3Ared%7Clabel%3A2%7C43.583,-79.65&markers=color%3Agreen%7Clabel%3A3%7C38.70139,-90.14861&markers=color%3Ared%7Clabel%3A3%7C43.583,-79.65"
2352,842,860,18,"http://maps.google.com/maps/api/staticmap?size=500x500&sensor=false&maptype=road&markers=color%3Agreen%7Clabel%3A1%7C31.23111,-84.21056&markers=color%3Ared%7C39.14917,-76.77556&markers=color%3Agreen%7Clabel%3A2%7C31.23111,-84.21056&markers=color%3Ared%7Clabel%3A2%7C39.14917,-76.77556&markers=color%3Agreen%7Clabel%3A3%7C31.17972,-83.78917&markers=color%3Ared%7Clabel%3A3%7C39.29028,-76.6125&markers=color%3Agreen%7Clabel%3A4%7C31.17972,-83.78917&markers=color%3Ared%7Clabel%3A4%7C39.62361,-77.41111&markers=color%3Agreen%7Clabel%3A5%7C31.45028,-83.50861&markers=color%3Ared%7Clabel%3A5%7C38.7125,-75.91028"
2361,578,575,-3,"http://maps.google.com/maps/api/staticmap?size=500x500&sensor=false&maptype=road&markers=color%3Agreen%7Clabel%3A1%7C35.92722,-89.91889&markers=color%3Ared%7C35.74528,-81.685&markers=color%3Agreen%7Clabel%3A2%7C35.92722,-89.91889&markers=color%3Ared%7Clabel%3A2%7C35.74528,-81.685&markers=color%3Agreen%7Clabel%3A3%7C35.92722,-89.91889&markers=color%3Ared%7Clabel%3A3%7C35.74528,-81.685&markers=color%3Agreen%7Clabel%3A4%7C35.92722,-89.91889&markers=color%3Ared%7Clabel%3A4%7C35.74528,-81.685&markers=color%3Agreen%7Clabel%3A5%7C35.92722,-89.91889&markers=color%3Ared%7Clabel%3A5%7C35.22694,-80.84333"
2383,754,754,0,"http://maps.google.com/maps/api/staticmap?size=500x500&sensor=false&maptype=road&markers=color%3Agreen%7Clabel%3A1%7C32.28361,-83.47222&markers=color%3Ared%7C40.8,-81.533&markers=color%3Agreen%7Clabel%3A2%7C32.28361,-83.47222&markers=color%3Ared%7Clabel%3A2%7C40.8,-81.533&markers=color%3Agreen%7Clabel%3A3%7C32.28361,-83.47222&markers=color%3Ared%7Clabel%3A3%7C40.8,-81.533&markers=color%3Agreen%7Clabel%3A4%7C32.28361,-83.47222&markers=color%3Ared%7Clabel%3A4%7C40.8,-81.533&markers=color%3Agreen%7Clabel%3A5%7C32.28361,-83.47222&markers=color%3Ared%7Clabel%3A5%7C40.8,-81.533"
2390,827,832,5,"http://maps.google.com/maps/api/staticmap?size=500x500&sensor=false&maptype=road&markers=color%3Agreen%7Clabel%3A1%7C35.92722,-89.91889&markers=color%3Ared%7C40.86167,-78.73056&markers=color%3Agreen%7Clabel%3A2%7C35.92722,-89.91889&markers=color%3Ared%7Clabel%3A2%7C40.86167,-78.73056&markers=color%3Agreen%7Clabel%3A3%7C35.92,-89.79806&markers=color%3Ared%7Clabel%3A3%7C40.86167,-78.73056"
2391,396,399,3,"http://maps.google.com/maps/api/staticmap?size=500x500&sensor=false&maptype=road&markers=color%3Agreen%7Clabel%3A1%7C36.42417,-89.05694&markers=color%3Ared%7C39.34583,-84.56056&markers=color%3Agreen%7Clabel%3A2%7C36.42417,-89.05694&markers=color%3Ared%7Clabel%3A2%7C39.34583,-84.56056&markers=color%3Agreen%7Clabel%3A3%7C36.57111,-89.18611&markers=color%3Ared%7Clabel%3A3%7C39.50694,-84.74528&markers=color%3Agreen%7Clabel%3A4%7C36.57111,-89.18611&markers=color%3Ared%7Clabel%3A4%7C39.50694,-84.74528&markers=color%3Agreen%7Clabel%3A5%7C35.80278,-88.77472&markers=color%3Ared%7Clabel%3A5%7C39.50694,-84.74528"
2392,645,634,-11,"http://maps.google.com/maps/api/staticmap?size=500x500&sensor=false&maptype=road&markers=color%3Agreen%7Clabel%3A1%7C38.73583,-85.38&markers=color%3Ared%7C39.79,-75.23806&markers=color%3Agreen%7Clabel%3A2%7C38.73583,-85.38&markers=color%3Ared%7Clabel%3A2%7C39.79,-75.23806&markers=color%3Agreen%7Clabel%3A3%7C39.09083,-84.85&markers=color%3Ared%7Clabel%3A3%7C39.95222,-75.16417"
2393,729,727,-2,"http://maps.google.com/maps/api/staticmap?size=500x500&sensor=false&maptype=road&markers=color%3Agreen%7Clabel%3A1%7C35.22694,-80.84333&markers=color%3Ared%7C41.42167,-72.9975&markers=color%3Agreen%7Clabel%3A2%7C35.22694,-80.84333&markers=color%3Ared%7Clabel%3A2%7C41.42167,-72.9975&markers=color%3Agreen%7Clabel%3A3%7C35.22694,-80.84333&markers=color%3Ared%7Clabel%3A3%7C41.82639,-72.73056&markers=color%3Agreen%7Clabel%3A4%7C35.58472,-80.81028&markers=color%3Ared%7Clabel%3A4%7C41.97611,-72.59222&markers=color%3Agreen%7Clabel%3A5%7C35.58472,-80.81028&markers=color%3Ared%7Clabel%3A5%7C41.97611,-72.59222"
2409,308,306,-2,"http://maps.google.com/maps/api/staticmap?size=500x500&sensor=false&maptype=road&markers=color%3Agreen%7Clabel%3A1%7C33.52056,-86.8025&markers=color%3Ared%7C33.46667,-82.01667&markers=color%3Agreen%7Clabel%3A2%7C33.52056,-86.8025&markers=color%3Ared%7Clabel%3A2%7C33.46667,-82.01667&markers=color%3Agreen%7Clabel%3A3%7C33.52056,-86.8025&markers=color%3Ared%7Clabel%3A3%7C33.46667,-82.01667&markers=color%3Agreen%7Clabel%3A4%7C33.52056,-86.8025&markers=color%3Ared%7Clabel%3A4%7C33.46667,-82.01667&markers=color%3Agreen%7Clabel%3A5%7C33.52056,-86.8025&markers=color%3Ared%7Clabel%3A5%7C33.46667,-82.01667"
2414,977,971,-6,"http://maps.google.com/maps/api/staticmap?size=500x500&sensor=false&maptype=road&markers=color%3Agreen%7Clabel%3A1%7C38.81139,-89.95306&markers=color%3Ared%7C40.72306,-73.91306&markers=color%3Agreen%7Clabel%3A2%7C38.81139,-89.95306&markers=color%3Ared%7Clabel%3A2%7C40.72306,-73.91306&markers=color%3Agreen%7Clabel%3A3%7C38.81139,-89.95306&markers=color%3Ared%7Clabel%3A3%7C40.72306,-73.91306&markers=color%3Agreen%7Clabel%3A4%7C38.633,-90.25&markers=color%3Ared%7Clabel%3A4%7C40.73556,-74.17278"
2415,1000,1017,17,"http://maps.google.com/maps/api/staticmap?size=500x500&sensor=false&maptype=road&markers=color%3Agreen%7Clabel%3A1%7C35.92722,-89.91889&markers=color%3Ared%7C40.19944,-75.58417&markers=color%3Agreen%7Clabel%3A2%7C35.92722,-89.91889&markers=color%3Ared%7Clabel%3A2%7C40.19944,-75.58417&markers=color%3Agreen%7Clabel%3A3%7C35.92,-89.79806&markers=color%3Ared%7Clabel%3A3%7C40.19944,-75.58417&markers=color%3Agreen%7Clabel%3A4%7C35.92,-89.79806&markers=color%3Ared%7Clabel%3A4%7C40.19944,-75.58417&markers=color%3Agreen%7Clabel%3A5%7C35.92,-89.79806&markers=color%3Ared%7Clabel%3A5%7C40.19944,-75.58417"
2416,393,393,0,"http://maps.google.com/maps/api/staticmap?size=500x500&sensor=false&maptype=road&markers=color%3Agreen%7Clabel%3A1%7C37.27083,-79.94167&markers=color%3Ared%7C33.2075,-82.39194&markers=color%3Agreen%7Clabel%3A2%7C37.27083,-79.94167&markers=color%3Ared%7Clabel%3A2%7C33.2075,-82.39194&markers=color%3Agreen%7Clabel%3A3%7C37.27083,-79.94167&markers=color%3Ared%7Clabel%3A3%7C33.2075,-82.39194"
2420,764,764,0,"http://maps.google.com/maps/api/staticmap?size=500x500&sensor=false&maptype=road&markers=color%3Agreen%7Clabel%3A1%7C33.36472,-92.72472&markers=color%3Ared%7C32.2175,-82.41361&markers=color%3Agreen%7Clabel%3A2%7C33.36472,-92.72472&markers=color%3Ared%7Clabel%3A2%7C32.2175,-82.41361&markers=color%3Agreen%7Clabel%3A3%7C33.36472,-92.72472&markers=color%3Ared%7Clabel%3A3%7C32.2175,-82.41361"
2434,1267,1258,-9,"http://maps.google.com/maps/api/staticmap?size=500x500&sensor=false&maptype=road&markers=color%3Agreen%7Clabel%3A1%7C31.03611,-89.80472&markers=color%3Ared%7C40.7,-74.0&markers=color%3Agreen%7Clabel%3A2%7C31.03611,-89.80472&markers=color%3Ared%7Clabel%3A2%7C40.7,-74.0&markers=color%3Agreen%7Clabel%3A3%7C31.03611,-89.80472&markers=color%3Ared%7Clabel%3A3%7C40.7,-74.0&markers=color%3Agreen%7Clabel%3A4%7C31.14306,-89.40972&markers=color%3Ared%7Clabel%3A4%7C40.7,-74.0&markers=color%3Agreen%7Clabel%3A5%7C31.23806,-89.86861&markers=color%3Ared%7Clabel%3A5%7C40.51861,-74.4125"
2435,929,932,3,"http://maps.google.com/maps/api/staticmap?size=500x500&sensor=false&maptype=road&markers=color%3Agreen%7Clabel%3A1%7C34.30694,-92.40111&markers=color%3Ared%7C41.39306,-81.53667&markers=color%3Agreen%7Clabel%3A2%7C34.30694,-92.40111&markers=color%3Ared%7Clabel%3A2%7C41.39306,-81.53667&markers=color%3Agreen%7Clabel%3A3%7C34.30694,-92.40111&markers=color%3Ared%7Clabel%3A3%7C41.39306,-81.53667&markers=color%3Agreen%7Clabel%3A4%7C34.30694,-92.40111&markers=color%3Ared%7Clabel%3A4%7C41.0525,-80.60806&markers=color%3Agreen%7Clabel%3A5%7C34.30694,-92.40111&markers=color%3Ared%7Clabel%3A5%7C41.0525,-80.60806"
2441,643,643,0,"http://maps.google.com/maps/api/staticmap?size=500x500&sensor=false&maptype=road&markers=color%3Agreen%7Clabel%3A1%7C36.62083,-90.82333&markers=color%3Ared%7C35.14833,-81.86111&markers=color%3Agreen%7Clabel%3A2%7C36.62083,-90.82333&markers=color%3Ared%7Clabel%3A2%7C35.14833,-81.86111&markers=color%3Agreen%7Clabel%3A3%7C36.62083,-90.82333&markers=color%3Ared%7Clabel%3A3%7C35.14833,-81.86111&markers=color%3Agreen%7Clabel%3A4%7C36.62083,-90.82333&markers=color%3Ared%7Clabel%3A4%7C35.14833,-81.86111&markers=color%3Agreen%7Clabel%3A5%7C36.62083,-90.82333&markers=color%3Ared%7Clabel%3A5%7C35.14833,-81.86111"
2443,542,550,8,"http://maps.google.com/maps/api/staticmap?size=500x500&sensor=false&maptype=road&markers=color%3Agreen%7Clabel%3A1%7C33.20972,-87.56917&markers=color%3Ared%7C33.45111,-79.56111&markers=color%3Agreen%7Clabel%3A2%7C33.20972,-87.56917&markers=color%3Ared%7Clabel%3A2%7C33.45111,-79.56111&markers=color%3Agreen%7Clabel%3A3%7C33.40167,-86.95444&markers=color%3Ared%7Clabel%3A3%7C33.01833,-80.17583"
2453,308,311,3,"http://maps.google.com/maps/api/staticmap?size=500x500&sensor=false&maptype=road&markers=color%3Agreen%7Clabel%3A1%7C34.60583,-86.98333&markers=color%3Ared%7C38.21194,-85.22361&markers=color%3Agreen%7Clabel%3A2%7C34.60583,-86.98333&markers=color%3Ared%7Clabel%3A2%7C38.21194,-85.22361&markers=color%3Agreen%7Clabel%3A3%7C34.28028,-87.31944&markers=color%3Ared%7Clabel%3A3%7C38.38361,-85.44&markers=color%3Agreen%7Clabel%3A4%7C34.99194,-86.84667&markers=color%3Ared%7Clabel%3A4%7C38.25417,-85.75944&markers=color%3Agreen%7Clabel%3A5%7C34.74472,-87.6675&markers=color%3Ared%7Clabel%3A5%7C38.20083,-84.87333"
2467,395,399,4,"http://maps.google.com/maps/api/staticmap?size=500x500&sensor=false&maptype=road&markers=color%3Agreen%7Clabel%3A1%7C35.14944,-90.04889&markers=color%3Ared%7C29.95444,-90.075&markers=color%3Agreen%7Clabel%3A2%7C35.14944,-90.04889&markers=color%3Ared%7Clabel%3A2%7C29.95444,-90.075&markers=color%3Agreen%7Clabel%3A3%7C35.92,-89.79806&markers=color%3Ared%7Clabel%3A3%7C29.91833,-90.21083"
2468,512,507,-5,"http://maps.google.com/maps/api/staticmap?size=500x500&sensor=false&maptype=road&markers=color%3Agreen%7Clabel%3A1%7C31.71472,-83.25278&markers=color%3Ared%7C30.50417,-90.46111&markers=color%3Agreen%7Clabel%3A2%7C31.71472,-83.25278&markers=color%3Ared%7Clabel%3A2%7C30.50417,-90.46111&markers=color%3Agreen%7Clabel%3A3%7C31.50861,-82.85&markers=color%3Ared%7Clabel%3A3%7C30.50611,-90.34083&markers=color%3Agreen%7Clabel%3A4%7C31.50861,-82.85&markers=color%3Ared%7Clabel%3A4%7C30.37583,-89.74833&markers=color%3Agreen%7Clabel%3A5%7C31.17972,-83.78917&markers=color%3Ared%7Clabel%3A5%7C29.95444,-90.075"
2501,339,339,0,"http://maps.google.com/maps/api/staticmap?size=500x500&sensor=false&maptype=road&markers=color%3Agreen%7Clabel%3A1%7C35.46611,-82.51667&markers=color%3Ared%7C34.73028,-86.58611&markers=color%3Agreen%7Clabel%3A2%7C35.46611,-82.51667&markers=color%3Ared%7Clabel%3A2%7C34.73028,-86.58611"
2520,325,321,-4,"http://maps.google.com/maps/api/staticmap?size=500x500&sensor=false&maptype=road&markers=color%3Agreen%7Clabel%3A1%7C33.74889,-84.38806&markers=color%3Ared%7C35.95556,-80.00556&markers=color%3Agreen%7Clabel%3A2%7C33.74889,-84.38806&markers=color%3Ared%7Clabel%3A2%7C35.95556,-80.00556&markers=color%3Agreen%7Clabel%3A3%7C33.74889,-84.38806&markers=color%3Ared%7Clabel%3A3%7C36.0725,-79.79222"
2522,402,401,-1,"http://maps.google.com/maps/api/staticmap?size=500x500&sensor=false&maptype=road&markers=color%3Agreen%7Clabel%3A1%7C33.09639,-79.80361&markers=color%3Ared%7C35.96056,-83.92083&markers=color%3Agreen%7Clabel%3A2%7C33.09639,-79.80361&markers=color%3Ared%7Clabel%3A2%7C35.96056,-83.92083&markers=color%3Agreen%7Clabel%3A3%7C33.37667,-79.29472&markers=color%3Ared%7Clabel%3A3%7C36.67167,-83.3675"
2526,628,628,0,"http://maps.google.com/maps/api/staticmap?size=500x500&sensor=false&maptype=road&markers=color%3Agreen%7Clabel%3A1%7C35.77194,-78.63889&markers=color%3Ared%7C39.76833,-86.15806&markers=color%3Agreen%7Clabel%3A2%7C35.77194,-78.63889&markers=color%3Ared%7Clabel%3A2%7C39.76833,-86.15806&markers=color%3Agreen%7Clabel%3A3%7C35.77194,-78.63889&markers=color%3Ared%7Clabel%3A3%7C39.76833,-86.15806&markers=color%3Agreen%7Clabel%3A4%7C35.72111,-77.91583&markers=color%3Ared%7Clabel%3A4%7C40.27944,-86.51083"
2534,441,429,-12,"http://maps.google.com/maps/api/staticmap?size=500x500&sensor=false&maptype=road&markers=color%3Agreen%7Clabel%3A1%7C31.155,-88.01&markers=color%3Ared%7C35.92,-89.79806&markers=color%3Agreen%7Clabel%3A2%7C31.155,-88.01&markers=color%3Ared%7Clabel%3A2%7C35.92,-89.79806&markers=color%3Agreen%7Clabel%3A3%7C30.69417,-88.04306&markers=color%3Ared%7Clabel%3A3%7C36.18,-89.66&markers=color%3Agreen%7Clabel%3A4%7C30.925,-88.59&markers=color%3Ared%7Clabel%3A4%7C35.14944,-90.04889"
2537,420,438,18,"http://maps.google.com/maps/api/staticmap?size=500x500&sensor=false&maptype=road&markers=color%3Agreen%7Clabel%3A1%7C32.59667,-85.23861&markers=color%3Ared%7C27.94722,-82.45861&markers=color%3Agreen%7Clabel%3A2%7C32.59667,-85.23861&markers=color%3Ared%7Clabel%3A2%7C27.94722,-82.45861&markers=color%3Agreen%7Clabel%3A3%7C31.78333,-85.55583&markers=color%3Ared%7Clabel%3A3%7C27.94722,-82.45861&markers=color%3Agreen%7Clabel%3A4%7C32.14667,-85.07389&markers=color%3Ared%7Clabel%3A4%7C28.02194,-81.73306&markers=color%3Agreen%7Clabel%3A5%7C32.06583,-84.5375&markers=color%3Ared%7Clabel%3A5%7C28.02194,-81.73306"
2544,248,225,-23,"http://maps.google.com/maps/api/staticmap?size=500x500&sensor=false&maptype=road&markers=color%3Agreen%7Clabel%3A1%7C38.25417,-85.75944&markers=color%3Ared%7C35.60278,-85.91972&markers=color%3Agreen%7Clabel%3A2%7C38.25417,-85.75944&markers=color%3Ared%7Clabel%3A2%7C35.60278,-85.91972&markers=color%3Agreen%7Clabel%3A3%7C38.25417,-85.75944&markers=color%3Ared%7Clabel%3A3%7C35.28306,-86.37417&markers=color%3Agreen%7Clabel%3A4%7C38.25417,-85.75944&markers=color%3Ared%7Clabel%3A4%7C34.86861,-85.83944&markers=color%3Agreen%7Clabel%3A5%7C38.25417,-85.75944&markers=color%3Ared%7Clabel%3A5%7C36.16583,-86.78444"
2548,776,784,8,"http://maps.google.com/maps/api/staticmap?size=500x500&sensor=false&maptype=road&markers=color%3Agreen%7Clabel%3A1%7C34.01417,-86.00667&markers=color%3Ared%7C25.85722,-80.27833&markers=color%3Agreen%7Clabel%3A2%7C34.01417,-86.00667&markers=color%3Ared%7Clabel%3A2%7C25.85722,-80.27833&markers=color%3Agreen%7Clabel%3A3%7C33.52056,-86.8025&markers=color%3Ared%7Clabel%3A3%7C26.117,-80.133&markers=color%3Agreen%7Clabel%3A4%7C33.52056,-86.8025&markers=color%3Ared%7Clabel%3A4%7C26.117,-80.133"
2552,691,691,0,"http://maps.google.com/maps/api/staticmap?size=500x500&sensor=false&maptype=road&markers=color%3Agreen%7Clabel%3A1%7C30.69417,-88.04306&markers=color%3Ared%7C38.04917,-84.50028&markers=color%3Agreen%7Clabel%3A2%7C30.69417,-88.04306&markers=color%3Ared%7Clabel%3A2%7C38.04917,-84.50028"
2583,261,261,0,"http://maps.google.com/maps/api/staticmap?size=500x500&sensor=false&maptype=road&markers=color%3Agreen%7Clabel%3A1%7C34.37639,-88.68167&markers=color%3Ared%7C34.27389,-92.09083&markers=color%3Agreen%7Clabel%3A2%7C34.37639,-88.68167&markers=color%3Ared%7Clabel%3A2%7C34.27389,-92.09083&markers=color%3Agreen%7Clabel%3A3%7C34.37639,-88.68167&markers=color%3Ared%7Clabel%3A3%7C34.27389,-92.09083"
2585,460,460,0,"http://maps.google.com/maps/api/staticmap?size=500x500&sensor=false&maptype=road&markers=color%3Agreen%7Clabel%3A1%7C32.53444,-92.78833&markers=color%3Ared%7C34.44333,-86.93528&markers=color%3Agreen%7Clabel%3A2%7C32.53444,-92.78833&markers=color%3Ared%7Clabel%3A2%7C34.44333,-86.93528"
2602,458,454,-4,"http://maps.google.com/maps/api/staticmap?size=500x500&sensor=false&maptype=road&markers=color%3Agreen%7Clabel%3A1%7C33.28556,-86.81&markers=color%3Ared%7C29.99167,-81.67833&markers=color%3Agreen%7Clabel%3A2%7C33.28556,-86.81&markers=color%3Ared%7Clabel%3A2%7C29.99167,-81.67833&markers=color%3Agreen%7Clabel%3A3%7C33.20972,-87.56917&markers=color%3Ared%7Clabel%3A3%7C30.33194,-81.65583"
2624,587,587,0,"http://maps.google.com/maps/api/staticmap?size=500x500&sensor=false&maptype=road&markers=color%3Agreen%7Clabel%3A1%7C38.633,-90.25&markers=color%3Ared%7C31.32694,-89.29028&markers=color%3Agreen%7Clabel%3A2%7C38.633,-90.25&markers=color%3Ared%7Clabel%3A2%7C31.32694,-89.29028"
2630,263,251,-12,"http://maps.google.com/maps/api/staticmap?size=500x500&sensor=false&maptype=road&markers=color%3Agreen%7Clabel%3A1%7C35.14944,-90.04889&markers=color%3Ared%7C33.28556,-86.81&markers=color%3Agreen%7Clabel%3A2%7C35.14944,-90.04889&markers=color%3Ared%7Clabel%3A2%7C33.28556,-86.81&markers=color%3Agreen%7Clabel%3A3%7C35.14944,-90.04889&markers=color%3Ared%7Clabel%3A3%7C33.24417,-86.81639&markers=color%3Agreen%7Clabel%3A4%7C35.14944,-90.04889&markers=color%3Ared%7Clabel%3A4%7C33.52056,-86.8025&markers=color%3Agreen%7Clabel%3A5%7C35.14944,-90.04889&markers=color%3Ared%7Clabel%3A5%7C33.52056,-86.8025"
2646,598,579,-19,"http://maps.google.com/maps/api/staticmap?size=500x500&sensor=false&maptype=road&markers=color%3Agreen%7Clabel%3A1%7C31.52556,-92.40694&markers=color%3Ared%7C37.08333,-88.6&markers=color%3Agreen%7Clabel%3A2%7C31.52556,-92.40694&markers=color%3Ared%7Clabel%3A2%7C37.08333,-88.6&markers=color%3Agreen%7Clabel%3A3%7C31.52556,-92.40694&markers=color%3Ared%7Clabel%3A3%7C37.08333,-88.6"
2657,289,288,-1,"http://maps.google.com/maps/api/staticmap?size=500x500&sensor=false&maptype=road&markers=color%3Agreen%7Clabel%3A1%7C34.29972,-79.87639&markers=color%3Ared%7C33.74889,-84.38806&markers=color%3Agreen%7Clabel%3A2%7C34.29972,-79.87639&markers=color%3Ared%7Clabel%3A2%7C33.74889,-84.38806&markers=color%3Agreen%7Clabel%3A3%7C34.29972,-79.87639&markers=color%3Ared%7Clabel%3A3%7C33.74889,-84.38806&markers=color%3Agreen%7Clabel%3A4%7C34.29972,-79.87639&markers=color%3Ared%7Clabel%3A4%7C33.74889,-84.38806&markers=color%3Agreen%7Clabel%3A5%7C34.21806,-80.24861&markers=color%3Ared%7Clabel%3A5%7C33.74889,-84.38806"
2664,180,179,-1,"http://maps.google.com/maps/api/staticmap?size=500x500&sensor=false&maptype=road&markers=color%3Agreen%7Clabel%3A1%7C39.46667,-87.41389&markers=color%3Ared%7C37.73056,-88.93306&markers=color%3Agreen%7Clabel%3A2%7C39.46667,-87.41389&markers=color%3Ared%7Clabel%3A2%7C37.73056,-88.93306&markers=color%3Agreen%7Clabel%3A3%7C39.46667,-87.41389&markers=color%3Ared%7Clabel%3A3%7C37.73056,-88.93306&markers=color%3Agreen%7Clabel%3A4%7C39.46667,-87.41389&markers=color%3Ared%7Clabel%3A4%7C37.73056,-88.93306&markers=color%3Agreen%7Clabel%3A5%7C39.46667,-87.41389&markers=color%3Ared%7Clabel%3A5%7C37.73056,-88.93306"
2666,209,208,-1,"http://maps.google.com/maps/api/staticmap?size=500x500&sensor=false&maptype=road&markers=color%3Agreen%7Clabel%3A1%7C31.96333,-83.7825&markers=color%3Ared%7C33.00778,-81.30861&markers=color%3Agreen%7Clabel%3A2%7C31.96333,-83.7825&markers=color%3Ared%7Clabel%3A2%7C33.00778,-81.30861"
2675,814,820,6,"http://maps.google.com/maps/api/staticmap?size=500x500&sensor=false&maptype=road&markers=color%3Agreen%7Clabel%3A1%7C35.705,-89.96944&markers=color%3Ared%7C28.55778,-81.85139&markers=color%3Agreen%7Clabel%3A2%7C35.705,-89.96944&markers=color%3Ared%7Clabel%3A2%7C28.55778,-81.85139&markers=color%3Agreen%7Clabel%3A3%7C35.14944,-90.04889&markers=color%3Ared%7Clabel%3A3%7C28.55778,-81.85139&markers=color%3Agreen%7Clabel%3A4%7C35.14944,-90.04889&markers=color%3Ared%7Clabel%3A4%7C28.53806,-81.37944&markers=color%3Agreen%7Clabel%3A5%7C35.14944,-90.04889&markers=color%3Ared%7Clabel%3A5%7C28.53806,-81.37944"
2679,264,264,0,"http://maps.google.com/maps/api/staticmap?size=500x500&sensor=false&maptype=road&markers=color%3Agreen%7Clabel%3A1%7C34.22556,-77.945&markers=color%3Ared%7C33.46667,-82.01667&markers=color%3Agreen%7Clabel%3A2%7C34.22556,-77.945&markers=color%3Ared%7Clabel%3A2%7C33.46667,-82.01667"
2683,353,355,2,"http://maps.google.com/maps/api/staticmap?size=500x500&sensor=false&maptype=road&markers=color%3Agreen%7Clabel%3A1%7C32.36444,-89.47417&markers=color%3Ared%7C35.16,-92.64056&markers=color%3Agreen%7Clabel%3A2%7C32.36444,-89.47417&markers=color%3Ared%7Clabel%3A2%7C35.16,-92.64056&markers=color%3Agreen%7Clabel%3A3%7C32.36444,-89.47417&markers=color%3Ared%7Clabel%3A3%7C34.74639,-92.28944"
2698,363,370,7,"http://maps.google.com/maps/api/staticmap?size=500x500&sensor=false&maptype=road&markers=color%3Agreen%7Clabel%3A1%7C34.76972,-84.97028&markers=color%3Ared%7C35.44306,-80.21944&markers=color%3Agreen%7Clabel%3A2%7C34.76972,-84.97028&markers=color%3Ared%7Clabel%3A2%7C35.44306,-80.21944&markers=color%3Agreen%7Clabel%3A3%7C35.04556,-85.30972&markers=color%3Ared%7Clabel%3A3%7C34.71556,-80.62139"
2710,1259,1232,-27,"http://maps.google.com/maps/api/staticmap?size=500x500&sensor=false&maptype=road&markers=color%3Agreen%7Clabel%3A1%7C40.19333,-85.38639&markers=color%3Ared%7C25.77389,-80.19389&markers=color%3Agreen%7Clabel%3A2%7C40.19333,-85.38639&markers=color%3Ared%7Clabel%3A2%7C25.77389,-80.19389&markers=color%3Agreen%7Clabel%3A3%7C40.17194,-84.98139&markers=color%3Ared%7Clabel%3A3%7C25.77389,-80.19389&markers=color%3Agreen%7Clabel%3A4%7C39.76833,-86.15806&markers=color%3Ared%7Clabel%3A4%7C25.85722,-80.27833"
2711,185,185,0,"http://maps.google.com/maps/api/staticmap?size=500x500&sensor=false&maptype=road&markers=color%3Agreen%7Clabel%3A1%7C36.99028,-86.44361&markers=color%3Ared%7C34.94361,-85.63222&markers=color%3Agreen%7Clabel%3A2%7C36.99028,-86.44361&markers=color%3Ared%7Clabel%3A2%7C34.94361,-85.63222"
2717,1214,1239,25,"http://maps.google.com/maps/api/staticmap?size=500x500&sensor=false&maptype=road&markers=color%3Agreen%7Clabel%3A1%7C40.17194,-84.98139&markers=color%3Ared%7C25.77389,-80.19389&markers=color%3Agreen%7Clabel%3A2%7C40.17194,-84.98139&markers=color%3Ared%7Clabel%3A2%7C25.77389,-80.19389&markers=color%3Agreen%7Clabel%3A3%7C40.19333,-85.38639&markers=color%3Ared%7Clabel%3A3%7C25.77389,-80.19389&markers=color%3Agreen%7Clabel%3A4%7C39.39944,-84.56139&markers=color%3Ared%7Clabel%3A4%7C25.85722,-80.27833"
2725,161,164,3,"http://maps.google.com/maps/api/staticmap?size=500x500&sensor=false&maptype=road&markers=color%3Agreen%7Clabel%3A1%7C39.46667,-87.41389&markers=color%3Ared%7C38.59222,-89.91111&markers=color%3Agreen%7Clabel%3A2%7C39.46667,-87.41389&markers=color%3Ared%7Clabel%3A2%7C38.59222,-89.91111&markers=color%3Agreen%7Clabel%3A3%7C39.46667,-87.41389&markers=color%3Ared%7Clabel%3A3%7C38.59222,-89.91111&markers=color%3Agreen%7Clabel%3A4%7C39.46667,-87.41389&markers=color%3Ared%7Clabel%3A4%7C38.633,-90.25&markers=color%3Agreen%7Clabel%3A5%7C39.46667,-87.41389&markers=color%3Ared%7Clabel%3A5%7C38.09028,-89.93833"
2749,355,362,7,"http://maps.google.com/maps/api/staticmap?size=500x500&sensor=false&maptype=road&markers=color%3Agreen%7Clabel%3A1%7C32.45806,-83.73167&markers=color%3Ared%7C28.05,-81.95&markers=color%3Agreen%7Clabel%3A2%7C32.45806,-83.73167&markers=color%3Ared%7Clabel%3A2%7C28.05,-81.95&markers=color%3Agreen%7Clabel%3A3%7C32.62083,-83.6&markers=color%3Ared%7Clabel%3A3%7C28.065,-81.78889&markers=color%3Agreen%7Clabel%3A4%7C32.06583,-84.5375&markers=color%3Ared%7Clabel%3A4%7C28.02194,-81.73306&markers=color%3Agreen%7Clabel%3A5%7C32.06583,-84.5375&markers=color%3Ared%7Clabel%3A5%7C28.02194,-81.73306"
2770,695,702,7,"http://maps.google.com/maps/api/staticmap?size=500x500&sensor=false&maptype=road&markers=color%3Agreen%7Clabel%3A1%7C33.2075,-92.66611&markers=color%3Ared%7C39.76833,-86.15806&markers=color%3Agreen%7Clabel%3A2%7C33.2075,-92.66611&markers=color%3Ared%7Clabel%3A2%7C39.76833,-86.15806&markers=color%3Agreen%7Clabel%3A3%7C32.50917,-92.11917&markers=color%3Ared%7Clabel%3A3%7C39.76833,-86.15806"
2779,298,290,-8,"http://maps.google.com/maps/api/staticmap?size=500x500&sensor=false&maptype=road&markers=color%3Agreen%7Clabel%3A1%7C37.72417,-89.86111&markers=color%3Ared%7C39.76833,-86.15806&markers=color%3Agreen%7Clabel%3A2%7C37.72417,-89.86111&markers=color%3Ared%7Clabel%3A2%7C39.76833,-86.15806&markers=color%3Agreen%7Clabel%3A3%7C37.72417,-89.86111&markers=color%3Ared%7Clabel%3A3%7C39.76833,-86.15806&markers=color%3Agreen%7Clabel%3A4%7C37.55972,-90.29389&markers=color%3Ared%7Clabel%3A4%7C39.76833,-86.15806&markers=color%3Agreen%7Clabel%3A5%7C38.43278,-90.3775&markers=color%3Ared%7Clabel%3A5%7C39.76833,-86.15806"
2782,190,190,0,"http://maps.google.com/maps/api/staticmap?size=500x500&sensor=false&maptype=road&markers=color%3Agreen%7Clabel%3A1%7C33.58306,-84.33944&markers=color%3Ared%7C34.94944,-81.93222&markers=color%3Agreen%7Clabel%3A2%7C33.58306,-84.33944&markers=color%3Ared%7Clabel%3A2%7C34.94944,-81.93222&markers=color%3Agreen%7Clabel%3A3%7C33.58306,-84.33944&markers=color%3Ared%7Clabel%3A3%7C34.94944,-81.93222&markers=color%3Agreen%7Clabel%3A4%7C33.58306,-84.33944&markers=color%3Ared%7Clabel%3A4%7C34.94944,-81.93222&markers=color%3Agreen%7Clabel%3A5%7C33.58306,-84.33944&markers=color%3Ared%7Clabel%3A5%7C34.94944,-81.93222"
2817,348,320,-28,"http://maps.google.com/maps/api/staticmap?size=500x500&sensor=false&maptype=road&markers=color%3Agreen%7Clabel%3A1%7C33.47056,-82.50472&markers=color%3Ared%7C29.65139,-82.325&markers=color%3Agreen%7Clabel%3A2%7C33.47056,-82.50472&markers=color%3Ared%7Clabel%3A2%7C29.65139,-82.325&markers=color%3Agreen%7Clabel%3A3%7C33.47056,-82.50472&markers=color%3Ared%7Clabel%3A3%7C29.65139,-82.325&markers=color%3Agreen%7Clabel%3A4%7C33.46667,-82.01667&markers=color%3Ared%7Clabel%3A4%7C29.65139,-82.325&markers=color%3Agreen%7Clabel%3A5%7C33.57556,-83.1825&markers=color%3Ared%7Clabel%3A5%7C29.65139,-82.325"
2828,560,536,-24,"http://maps.google.com/maps/api/staticmap?size=500x500&sensor=false&maptype=road&markers=color%3Agreen%7Clabel%3A1%7C35.19639,-78.06667&markers=color%3Ared%7C40.27278,-80.99694&markers=color%3Agreen%7Clabel%3A2%7C35.19639,-78.06667&markers=color%3Ared%7Clabel%3A2%7C40.27278,-80.99694&markers=color%3Agreen%7Clabel%3A3%7C35.19639,-78.06667&markers=color%3Ared%7Clabel%3A3%7C40.79889,-81.37861&markers=color%3Agreen%7Clabel%3A4%7C35.19639,-78.06667&markers=color%3Ared%7Clabel%3A4%7C40.44056,-79.99611&markers=color%3Agreen%7Clabel%3A5%7C35.77194,-78.63889&markers=color%3Ared%7Clabel%3A5%7C40.79889,-81.37861"
2835,240,252,12,"http://maps.google.com/maps/api/staticmap?size=500x500&sensor=false&maptype=road&markers=color%3Agreen%7Clabel%3A1%7C32.77639,-79.93111&markers=color%3Ared%7C30.33194,-81.65583&markers=color%3Agreen%7Clabel%3A2%7C32.77639,-79.93111&markers=color%3Ared%7Clabel%3A2%7C30.33194,-81.65583&markers=color%3Agreen%7Clabel%3A3%7C33.09639,-79.80361&markers=color%3Ared%7Clabel%3A3%7C30.33194,-81.65583"
2839,247,255,8,"http://maps.google.com/maps/api/staticmap?size=500x500&sensor=false&maptype=road&markers=color%3Agreen%7Clabel%3A1%7C39.76833,-86.15806&markers=color%3Ared%7C38.633,-90.25&markers=color%3Agreen%7Clabel%3A2%7C39.76833,-86.15806&markers=color%3Ared%7Clabel%3A2%7C38.633,-90.25&markers=color%3Agreen%7Clabel%3A3%7C40.10528,-85.68028&markers=color%3Ared%7Clabel%3A3%7C38.633,-90.25&markers=color%3Agreen%7Clabel%3A4%7C39.52139,-85.77694&markers=color%3Ared%7Clabel%3A4%7C38.44361,-90.20111"
2845,869,869,0,"http://maps.google.com/maps/api/staticmap?size=500x500&sensor=false&maptype=road&markers=color%3Agreen%7Clabel%3A1%7C28.065,-81.78889&markers=color%3Ared%7C38.20083,-84.87333&markers=color%3Agreen%7Clabel%3A2%7C28.065,-81.78889&markers=color%3Ared%7Clabel%3A2%7C38.20083,-84.87333"
2848,276,275,-1,"http://maps.google.com/maps/api/staticmap?size=500x500&sensor=false&maptype=road&markers=color%3Agreen%7Clabel%3A1%7C33.44639,-92.17389&markers=color%3Ared%7C34.2575,-88.70333&markers=color%3Agreen%7Clabel%3A2%7C33.44639,-92.17389&markers=color%3Ared%7Clabel%3A2%7C34.2575,-88.70333&markers=color%3Agreen%7Clabel%3A3%7C34.22833,-92.00306&markers=color%3Ared%7Clabel%3A3%7C34.49417,-89.00778"
2883,230,230,0,"http://maps.google.com/maps/api/staticmap?size=500x500&sensor=false&maptype=road&markers=color%3Agreen%7Clabel%3A1%7C33.48583,-86.91194&markers=color%3Ared%7C32.29861,-90.18472&markers=color%3Agreen%7Clabel%3A2%7C33.48583,-86.91194&markers=color%3Ared%7Clabel%3A2%7C32.29861,-90.18472&markers=color%3Agreen%7Clabel%3A3%7C33.34861,-87.01417&markers=color%3Ared%7Clabel%3A3%7C32.29861,-90.18472"
2890,375,388,13,"http://maps.google.com/maps/api/staticmap?size=500x500&sensor=false&maptype=road&markers=color%3Agreen%7Clabel%3A1%7C33.52056,-86.8025&markers=color%3Ared%7C38.25417,-85.75944&markers=color%3Agreen%7Clabel%3A2%7C33.52056,-86.8025&markers=color%3Ared%7Clabel%3A2%7C38.25417,-85.75944&markers=color%3Agreen%7Clabel%3A3%7C33.52056,-86.8025&markers=color%3Ared%7Clabel%3A3%7C38.25417,-85.75944&markers=color%3Agreen%7Clabel%3A4%7C33.68889,-86.68333&markers=color%3Ared%7Clabel%3A4%7C38.21194,-85.22361&markers=color%3Agreen%7Clabel%3A5%7C33.68889,-86.68333&markers=color%3Ared%7Clabel%3A5%7C38.21194,-85.22361"
2895,301,301,0,"http://maps.google.com/maps/api/staticmap?size=500x500&sensor=false&maptype=road&markers=color%3Agreen%7Clabel%3A1%7C33.22806,-91.7975&markers=color%3Ared%7C36.717,-91.85&markers=color%3Agreen%7Clabel%3A2%7C33.22806,-91.7975&markers=color%3Ared%7Clabel%3A2%7C36.717,-91.85&markers=color%3Agreen%7Clabel%3A3%7C33.22806,-91.7975&markers=color%3Ared%7Clabel%3A3%7C36.717,-91.85"
2896,298,303,5,"http://maps.google.com/maps/api/staticmap?size=500x500&sensor=false&maptype=road&markers=color%3Agreen%7Clabel%3A1%7C30.62361,-84.41472&markers=color%3Ared%7C28.065,-81.78889&markers=color%3Agreen%7Clabel%3A2%7C30.62361,-84.41472&markers=color%3Ared%7Clabel%3A2%7C28.065,-81.78889&markers=color%3Agreen%7Clabel%3A3%7C30.62361,-84.41472&markers=color%3Ared%7Clabel%3A3%7C28.065,-81.78889&markers=color%3Agreen%7Clabel%3A4%7C30.43194,-84.97583&markers=color%3Ared%7Clabel%3A4%7C28.065,-81.78889&markers=color%3Agreen%7Clabel%3A5%7C30.43194,-84.97583&markers=color%3Ared%7Clabel%3A5%7C28.065,-81.78889"
2909,622,620,-2,"http://maps.google.com/maps/api/staticmap?size=500x500&sensor=false&maptype=road&markers=color%3Agreen%7Clabel%3A1%7C32.40722,-87.02111&markers=color%3Ared%7C27.283,-80.35&markers=color%3Agreen%7Clabel%3A2%7C32.40722,-87.02111&markers=color%3Ared%7Clabel%3A2%7C27.283,-80.35&markers=color%3Agreen%7Clabel%3A3%7C32.40722,-87.02111&markers=color%3Ared%7Clabel%3A3%7C26.93389,-80.09444&markers=color%3Agreen%7Clabel%3A4%7C32.36667,-86.3&markers=color%3Ared%7Clabel%3A4%7C26.58639,-80.05222&markers=color%3Agreen%7Clabel%3A5%7C32.36667,-86.3&markers=color%3Ared%7Clabel%3A5%7C26.58639,-80.05222"
2915,256,255,-1,"http://maps.google.com/maps/api/staticmap?size=500x500&sensor=false&maptype=road&markers=color%3Agreen%7Clabel%3A1%7C30.33194,-81.65583&markers=color%3Ared%7C27.21556,-81.85861&markers=color%3Agreen%7Clabel%3A2%7C30.33194,-81.65583&markers=color%3Ared%7Clabel%3A2%7C27.21556,-81.85861&markers=color%3Agreen%7Clabel%3A3%7C30.33194,-81.65583&markers=color%3Ared%7Clabel%3A3%7C28.05,-81.95&markers=color%3Agreen%7Clabel%3A4%7C30.33194,-81.65583&markers=color%3Ared%7Clabel%3A4%7C28.05,-81.95&markers=color%3Agreen%7Clabel%3A5%7C30.18944,-82.63944&markers=color%3Ared%7Clabel%3A5%7C27.89611,-81.84333"
2916,191,204,13,"http://maps.google.com/maps/api/staticmap?size=500x500&sensor=false&maptype=road&markers=color%3Agreen%7Clabel%3A1%7C33.68444,-87.83083&markers=color%3Ared%7C35.14944,-90.04889&markers=color%3Agreen%7Clabel%3A2%7C33.68444,-87.83083&markers=color%3Ared%7Clabel%3A2%7C35.14944,-90.04889&markers=color%3Agreen%7Clabel%3A3%7C33.49556,-88.42722&markers=color%3Ared%7Clabel%3A3%7C35.92722,-89.91889&markers=color%3Agreen%7Clabel%3A4%7C33.49556,-88.42722&markers=color%3Ared%7Clabel%3A4%7C35.92722,-89.91889&markers=color%3Agreen%7Clabel%3A5%7C33.49556,-88.42722&markers=color%3Ared%7Clabel%3A5%7C35.92,-89.79806"
2919,167,164,-3,"http://maps.google.com/maps/api/staticmap?size=500x500&sensor=false&maptype=road&markers=color%3Agreen%7Clabel%3A1%7C33.31,-89.17278&markers=color%3Ared%7C33.52056,-86.8025&markers=color%3Agreen%7Clabel%3A2%7C33.31,-89.17278&markers=color%3Ared%7Clabel%3A2%7C33.52056,-86.8025&markers=color%3Agreen%7Clabel%3A3%7C33.31,-89.17278&markers=color%3Ared%7Clabel%3A3%7C33.52056,-86.8025&markers=color%3Agreen%7Clabel%3A4%7C33.31,-89.17278&markers=color%3Ared%7Clabel%3A4%7C33.58333,-86.77278&markers=color%3Agreen%7Clabel%3A5%7C32.77139,-89.11667&markers=color%3Ared%7Clabel%3A5%7C33.52056,-86.8025"
2924,117,117,0,"http://maps.google.com/maps/api/staticmap?size=500x500&sensor=false&maptype=road&markers=color%3Agreen%7Clabel%3A1%7C27.8425,-82.69972&markers=color%3Ared%7C26.64028,-81.8725&markers=color%3Agreen%7Clabel%3A2%7C27.8425,-82.69972&markers=color%3Ared%7Clabel%3A2%7C26.64028,-81.8725"
2950,311,301,-10,"http://maps.google.com/maps/api/staticmap?size=500x500&sensor=false&maptype=road&markers=color%3Agreen%7Clabel%3A1%7C35.32333,-84.525&markers=color%3Ared%7C34.00056,-81.035&markers=color%3Agreen%7Clabel%3A2%7C35.32333,-84.525&markers=color%3Ared%7Clabel%3A2%7C34.00056,-81.035&markers=color%3Agreen%7Clabel%3A3%7C35.96056,-83.92083&markers=color%3Ared%7Clabel%3A3%7C34.00056,-81.035&markers=color%3Agreen%7Clabel%3A4%7C35.04556,-85.30972&markers=color%3Ared%7Clabel%3A4%7C34.71556,-80.62139&markers=color%3Agreen%7Clabel%3A5%7C35.04556,-85.30972&markers=color%3Ared%7Clabel%3A5%7C34.71528,-81.62389"
2951,293,281,-12,"http://maps.google.com/maps/api/staticmap?size=500x500&sensor=false&maptype=road&markers=color%3Agreen%7Clabel%3A1%7C36.38833,-86.44667&markers=color%3Ared%7C33.38056,-84.79972&markers=color%3Agreen%7Clabel%3A2%7C36.38833,-86.44667&markers=color%3Ared%7Clabel%3A2%7C33.38056,-84.79972&markers=color%3Agreen%7Clabel%3A3%7C36.38833,-86.44667&markers=color%3Ared%7Clabel%3A3%7C33.38056,-84.79972&markers=color%3Agreen%7Clabel%3A4%7C36.16583,-86.78444&markers=color%3Ared%7Clabel%3A4%7C33.74889,-84.38806&markers=color%3Agreen%7Clabel%3A5%7C35.925,-86.86889&markers=color%3Ared%7Clabel%3A5%7C33.6675,-84.01778"
2973,472,463,-9,"http://maps.google.com/maps/api/staticmap?size=500x500&sensor=false&maptype=road&markers=color%3Agreen%7Clabel%3A1%7C30.52528,-89.67944&markers=color%3Ared%7C32.84056,-83.6325&markers=color%3Agreen%7Clabel%3A2%7C30.52528,-89.67944&markers=color%3Ared%7Clabel%3A2%7C32.84056,-83.6325&markers=color%3Agreen%7Clabel%3A3%7C30.36722,-89.09278&markers=color%3Ared%7Clabel%3A3%7C32.84056,-83.6325"
2985,242,249,7,"http://maps.google.com/maps/api/staticmap?size=500x500&sensor=false&maptype=road&markers=color%3Agreen%7Clabel%3A1%7C33.46667,-82.01667&markers=color%3Ared%7C35.95556,-80.00556&markers=color%3Agreen%7Clabel%3A2%7C33.46667,-82.01667&markers=color%3Ared%7Clabel%3A2%7C35.95556,-80.00556&markers=color%3Agreen%7Clabel%3A3%7C34.20917,-81.53333&markers=color%3Ared%7Clabel%3A3%7C35.89389,-80.56167&markers=color%3Agreen%7Clabel%3A4%7C34.20917,-81.53333&markers=color%3Ared%7Clabel%3A4%7C35.89389,-80.56167&markers=color%3Agreen%7Clabel%3A5%7C32.95889,-81.23667&markers=color%3Ared%7Clabel%3A5%7C35.41056,-80.84306"
2989,195,198,3,"http://maps.google.com/maps/api/staticmap?size=500x500&sensor=false&maptype=road&markers=color%3Agreen%7Clabel%3A1%7C28.53806,-81.37944&markers=color%3Ared%7C30.11722,-83.58194&markers=color%3Agreen%7Clabel%3A2%7C28.53806,-81.37944&markers=color%3Ared%7Clabel%3A2%7C30.11722,-83.58194&markers=color%3Agreen%7Clabel%3A3%7C28.53806,-81.37944&markers=color%3Ared%7Clabel%3A3%7C30.43806,-84.28083"
2990,338,336,-2,"http://maps.google.com/maps/api/staticmap?size=500x500&sensor=false&maptype=road&markers=color%3Agreen%7Clabel%3A1%7C30.43194,-84.97583&markers=color%3Ared%7C27.89611,-81.84333&markers=color%3Agreen%7Clabel%3A2%7C30.43194,-84.97583&markers=color%3Ared%7Clabel%3A2%7C27.89611,-81.84333&markers=color%3Agreen%7Clabel%3A3%7C30.43194,-84.97583&markers=color%3Ared%7Clabel%3A3%7C27.89611,-81.84333&markers=color%3Agreen%7Clabel%3A4%7C30.43194,-84.97583&markers=color%3Ared%7Clabel%3A4%7C27.89611,-81.84333&markers=color%3Agreen%7Clabel%3A5%7C30.43194,-84.97583&markers=color%3Ared%7Clabel%3A5%7C28.02194,-81.73306"
2996,801,812,11,"http://maps.google.com/maps/api/staticmap?size=500x500&sensor=false&maptype=road&markers=color%3Agreen%7Clabel%3A1%7C31.45028,-83.50861&markers=color%3Ared%7C40.11639,-88.24333&markers=color%3Agreen%7Clabel%3A2%7C31.45028,-83.50861&markers=color%3Ared%7Clabel%3A2%7C40.11639,-88.24333&markers=color%3Agreen%7Clabel%3A3%7C31.96333,-83.7825&markers=color%3Ared%7Clabel%3A3%7C40.25944,-89.23333&markers=color%3Agreen%7Clabel%3A4%7C31.96333,-83.7825&markers=color%3Ared%7Clabel%3A4%7C40.25944,-89.23333"
3013,657,619,-38,"http://maps.google.com/maps/api/staticmap?size=500x500&sensor=false&maptype=road&markers=color%3Agreen%7Clabel%3A1%7C34.28028,-87.31944&markers=color%3Ared%7C41.73056,-88.34583&markers=color%3Agreen%7Clabel%3A2%7C34.28028,-87.31944&markers=color%3Ared%7Clabel%3A2%7C41.73056,-88.34583&markers=color%3Agreen%7Clabel%3A3%7C34.60583,-86.98333&markers=color%3Ared%7Clabel%3A3%7C41.85,-87.65&markers=color%3Agreen%7Clabel%3A4%7C34.60583,-86.98333&markers=color%3Ared%7Clabel%3A4%7C41.85,-87.65&markers=color%3Agreen%7Clabel%3A5%7C34.73111,-87.7025&markers=color%3Ared%7Clabel%3A5%7C41.65722,-87.68"
3019,224,220,-4,"http://maps.google.com/maps/api/staticmap?size=500x500&sensor=false&maptype=road&markers=color%3Agreen%7Clabel%3A1%7C30.33194,-81.65583&markers=color%3Ared%7C27.94722,-82.45861&markers=color%3Agreen%7Clabel%3A2%7C30.33194,-81.65583&markers=color%3Ared%7Clabel%3A2%7C27.94722,-82.45861&markers=color%3Agreen%7Clabel%3A3%7C30.33194,-81.65583&markers=color%3Ared%7Clabel%3A3%7C27.94722,-82.45861&markers=color%3Agreen%7Clabel%3A4%7C30.33194,-81.65583&markers=color%3Ared%7Clabel%3A4%7C27.94722,-82.45861&markers=color%3Agreen%7Clabel%3A5%7C30.33194,-81.65583&markers=color%3Ared%7Clabel%3A5%7C28.05,-81.95"
3030,148,151,3,"http://maps.google.com/maps/api/staticmap?size=500x500&sensor=false&maptype=road&markers=color%3Agreen%7Clabel%3A1%7C35.77194,-78.63889&markers=color%3Ared%7C37.525,-78.89694&markers=color%3Agreen%7Clabel%3A2%7C35.77194,-78.63889&markers=color%3Ared%7Clabel%3A2%7C37.525,-78.89694&markers=color%3Agreen%7Clabel%3A3%7C35.6225,-79.07861&markers=color%3Ared%7Clabel%3A3%7C37.30194,-78.39222&markers=color%3Agreen%7Clabel%3A4%7C35.77194,-78.63889&markers=color%3Ared%7Clabel%3A4%7C37.27083,-79.94167"
3043,788,777,-11,"http://maps.google.com/maps/api/staticmap?size=500x500&sensor=false&maptype=road&markers=color%3Agreen%7Clabel%3A1%7C34.29972,-79.87639&markers=color%3Ared%7C42.93167,-76.56639&markers=color%3Agreen%7Clabel%3A2%7C34.29972,-79.87639&markers=color%3Ared%7Clabel%3A2%7C42.93167,-76.56639&markers=color%3Agreen%7Clabel%3A3%7C34.29972,-79.87639&markers=color%3Ared%7Clabel%3A3%7C43.04806,-76.14778&markers=color%3Agreen%7Clabel%3A4%7C34.735,-79.34917&markers=color%3Ared%7Clabel%3A4%7C43.10639,-76.21806"
3051,380,368,-12,"http://maps.google.com/maps/api/staticmap?size=500x500&sensor=false&maptype=road&markers=color%3Agreen%7Clabel%3A1%7C29.18694,-82.14028&markers=color%3Ared%7C33.96083,-83.37806&markers=color%3Agreen%7Clabel%3A2%7C29.18694,-82.14028&markers=color%3Ared%7Clabel%3A2%7C33.96083,-83.37806&markers=color%3Agreen%7Clabel%3A3%7C29.18694,-82.14028&markers=color%3Ared%7Clabel%3A3%7C33.74889,-84.38806&markers=color%3Agreen%7Clabel%3A4%7C29.18694,-82.14028&markers=color%3Ared%7Clabel%3A4%7C33.74889,-84.38806&markers=color%3Agreen%7Clabel%3A5%7C29.18694,-82.14028&markers=color%3Ared%7Clabel%3A5%7C33.74889,-84.38806"
3052,219,218,-1,"http://maps.google.com/maps/api/staticmap?size=500x500&sensor=false&maptype=road&markers=color%3Agreen%7Clabel%3A1%7C38.62444,-90.15083&markers=color%3Ared%7C41.1675,-90.0425&markers=color%3Agreen%7Clabel%3A2%7C38.62444,-90.15083&markers=color%3Ared%7Clabel%3A2%7C41.1675,-90.0425&markers=color%3Agreen%7Clabel%3A3%7C38.62444,-90.15083&markers=color%3Ared%7Clabel%3A3%7C41.1675,-90.0425&markers=color%3Agreen%7Clabel%3A4%7C38.62444,-90.15083&markers=color%3Ared%7Clabel%3A4%7C41.1675,-90.0425"
3061,499,510,11,"http://maps.google.com/maps/api/staticmap?size=500x500&sensor=false&maptype=road&markers=color%3Agreen%7Clabel%3A1%7C33.00778,-81.30861&markers=color%3Ared%7C38.30306,-77.46083&markers=color%3Agreen%7Clabel%3A2%7C33.00778,-81.30861&markers=color%3Ared%7Clabel%3A2%7C38.30306,-77.46083&markers=color%3Agreen%7Clabel%3A3%7C33.00778,-81.30861&markers=color%3Ared%7Clabel%3A3%7C38.47306,-77.99694&markers=color%3Agreen%7Clabel%3A4%7C33.81694,-81.10111&markers=color%3Ared%7Clabel%3A4%7C37.55361,-77.46056"
3062,258,252,-6,"http://maps.google.com/maps/api/staticmap?size=500x500&sensor=false&maptype=road&markers=color%3Agreen%7Clabel%3A1%7C38.633,-90.25&markers=color%3Ared%7C39.76833,-86.15806&markers=color%3Agreen%7Clabel%3A2%7C38.633,-90.25&markers=color%3Ared%7Clabel%3A2%7C39.76833,-86.15806&markers=color%3Agreen%7Clabel%3A3%7C38.633,-90.25&markers=color%3Ared%7Clabel%3A3%7C39.76833,-86.15806&markers=color%3Agreen%7Clabel%3A4%7C38.59639,-90.18472&markers=color%3Ared%7Clabel%3A4%7C39.76833,-86.15806&markers=color%3Agreen%7Clabel%3A5%7C38.43278,-90.3775&markers=color%3Ared%7Clabel%3A5%7C39.76833,-86.15806"
3068,293,281,-12,"http://maps.google.com/maps/api/staticmap?size=500x500&sensor=false&maptype=road&markers=color%3Agreen%7Clabel%3A1%7C36.38833,-86.44667&markers=color%3Ared%7C33.38056,-84.79972&markers=color%3Agreen%7Clabel%3A2%7C36.38833,-86.44667&markers=color%3Ared%7Clabel%3A2%7C33.38056,-84.79972&markers=color%3Agreen%7Clabel%3A3%7C36.38833,-86.44667&markers=color%3Ared%7Clabel%3A3%7C33.38056,-84.79972&markers=color%3Agreen%7Clabel%3A4%7C36.16583,-86.78444&markers=color%3Ared%7Clabel%3A4%7C33.74889,-84.38806&markers=color%3Agreen%7Clabel%3A5%7C35.925,-86.86889&markers=color%3Ared%7Clabel%3A5%7C33.6675,-84.01778"
3069,232,235,3,"http://maps.google.com/maps/api/staticmap?size=500x500&sensor=false&maptype=road&markers=color%3Agreen%7Clabel%3A1%7C39.55222,-84.23333&markers=color%3Ared%7C42.45944,-83.18278&markers=color%3Agreen%7Clabel%3A2%7C39.55222,-84.23333&markers=color%3Ared%7Clabel%3A2%7C42.45944,-83.18278&markers=color%3Agreen%7Clabel%3A3%7C39.515,-84.39833&markers=color%3Ared%7Clabel%3A3%7C42.13889,-83.24167&markers=color%3Agreen%7Clabel%3A4%7C39.53639,-83.43917&markers=color%3Ared%7Clabel%3A4%7C42.33139,-83.04583&markers=color%3Agreen%7Clabel%3A5%7C38.99889,-84.62667&markers=color%3Ared%7Clabel%3A5%7C42.20472,-83.48528"
3070,320,324,4,"http://maps.google.com/maps/api/staticmap?size=500x500&sensor=false&maptype=road&markers=color%3Agreen%7Clabel%3A1%7C34.6175,-89.96861&markers=color%3Ared%7C32.36667,-86.3&markers=color%3Agreen%7Clabel%3A2%7C34.6175,-89.96861&markers=color%3Ared%7Clabel%3A2%7C32.36667,-86.3&markers=color%3Agreen%7Clabel%3A3%7C35.14944,-90.04889&markers=color%3Ared%7Clabel%3A3%7C32.40722,-87.02111&markers=color%3Agreen%7Clabel%3A4%7C35.14944,-90.04889&markers=color%3Ared%7Clabel%3A4%7C32.40722,-87.02111"
3089,929,929,0,"http://maps.google.com/maps/api/staticmap?size=500x500&sensor=false&maptype=road&markers=color%3Agreen%7Clabel%3A1%7C30.42111,-87.21694&markers=color%3Ared%7C41.85,-87.65&markers=color%3Agreen%7Clabel%3A2%7C30.42111,-87.21694&markers=color%3Ared%7Clabel%3A2%7C41.85,-87.65"
3094,315,317,2,"http://maps.google.com/maps/api/staticmap?size=500x500&sensor=false&maptype=road&markers=color%3Agreen%7Clabel%3A1%7C31.71472,-83.25278&markers=color%3Ared%7C27.94722,-82.45861&markers=color%3Agreen%7Clabel%3A2%7C31.71472,-83.25278&markers=color%3Ared%7Clabel%3A2%7C27.94722,-82.45861&markers=color%3Agreen%7Clabel%3A3%7C31.71472,-83.25278&markers=color%3Ared%7Clabel%3A3%7C27.94722,-82.45861&markers=color%3Agreen%7Clabel%3A4%7C31.71472,-83.25278&markers=color%3Ared%7Clabel%3A4%7C28.065,-81.78889&markers=color%3Agreen%7Clabel%3A5%7C30.8325,-83.27861&markers=color%3Ared%7Clabel%3A5%7C27.96556,-82.80028"
3099,352,351,-1,"http://maps.google.com/maps/api/staticmap?size=500x500&sensor=false&maptype=road&markers=color%3Agreen%7Clabel%3A1%7C30.33194,-81.65583&markers=color%3Ared%7C25.77389,-80.19389&markers=color%3Agreen%7Clabel%3A2%7C30.33194,-81.65583&markers=color%3Ared%7Clabel%3A2%7C25.77389,-80.19389&markers=color%3Agreen%7Clabel%3A3%7C30.33194,-81.65583&markers=color%3Ared%7Clabel%3A3%7C25.77389,-80.19389&markers=color%3Agreen%7Clabel%3A4%7C30.33194,-81.65583&markers=color%3Ared%7Clabel%3A4%7C25.77389,-80.19389&markers=color%3Agreen%7Clabel%3A5%7C30.33194,-81.65583&markers=color%3Ared%7Clabel%3A5%7C26.117,-80.133"
3116,1093,1093,0,"http://maps.google.com/maps/api/staticmap?size=500x500&sensor=false&maptype=road&markers=color%3Agreen%7Clabel%3A1%7C33.35778,-81.27083&markers=color%3Ared%7C43.97861,-90.50389&markers=color%3Agreen%7Clabel%3A2%7C33.35778,-81.27083&markers=color%3Ared%7Clabel%3A2%7C43.97861,-90.50389"
3120,950,950,0,"http://maps.google.com/maps/api/staticmap?size=500x500&sensor=false&maptype=road&markers=color%3Agreen%7Clabel%3A1%7C34.8525,-82.39417&markers=color%3Ared%7C43.97861,-90.50389&markers=color%3Agreen%7Clabel%3A2%7C34.8525,-82.39417&markers=color%3Ared%7Clabel%3A2%7C43.97861,-90.50389"
3130,754,771,17,"http://maps.google.com/maps/api/staticmap?size=500x500&sensor=false&maptype=road&markers=color%3Agreen%7Clabel%3A1%7C33.52056,-86.8025&markers=color%3Ared%7C26.117,-80.133&markers=color%3Agreen%7Clabel%3A2%7C33.52056,-86.8025&markers=color%3Ared%7Clabel%3A2%7C26.117,-80.133&markers=color%3Agreen%7Clabel%3A3%7C33.52056,-86.8025&markers=color%3Ared%7Clabel%3A3%7C26.117,-80.133&markers=color%3Agreen%7Clabel%3A4%7C34.01417,-86.00667&markers=color%3Ared%7Clabel%3A4%7C25.85722,-80.27833"
3143,320,316,-4,"http://maps.google.com/maps/api/staticmap?size=500x500&sensor=false&maptype=road&markers=color%3Agreen%7Clabel%3A1%7C30.31611,-81.84639&markers=color%3Ared%7C26.35833,-80.08333&markers=color%3Agreen%7Clabel%3A2%7C30.31611,-81.84639&markers=color%3Ared%7Clabel%3A2%7C26.35833,-80.08333&markers=color%3Agreen%7Clabel%3A3%7C30.33194,-81.65583&markers=color%3Ared%7Clabel%3A3%7C26.117,-80.133&markers=color%3Agreen%7Clabel%3A4%7C30.33194,-81.65583&markers=color%3Ared%7Clabel%3A4%7C25.77389,-80.19389&markers=color%3Agreen%7Clabel%3A5%7C30.33194,-81.65583&markers=color%3Ared%7Clabel%3A5%7C25.77389,-80.19389"
3170,459,459,0,"http://maps.google.com/maps/api/staticmap?size=500x500&sensor=false&maptype=road&markers=color%3Agreen%7Clabel%3A1%7C38.04917,-84.50028&markers=color%3Ared%7C42.67806,-88.27611&markers=color%3Agreen%7Clabel%3A2%7C38.04917,-84.50028&markers=color%3Ared%7Clabel%3A2%7C42.67806,-88.27611&markers=color%3Agreen%7Clabel%3A3%7C38.04917,-84.50028&markers=color%3Ared%7Clabel%3A3%7C41.95583,-87.87083&markers=color%3Agreen%7Clabel%3A4%7C38.87556,-84.61028&markers=color%3Ared%7Clabel%3A4%7C42.55306,-87.93333"
3175,134,133,-1,"http://maps.google.com/maps/api/staticmap?size=500x500&sensor=false&maptype=road&markers=color%3Agreen%7Clabel%3A1%7C33.52056,-86.8025&markers=color%3Ared%7C33.38056,-84.79972&markers=color%3Agreen%7Clabel%3A2%7C33.52056,-86.8025&markers=color%3Ared%7Clabel%3A2%7C33.38056,-84.79972&markers=color%3Agreen%7Clabel%3A3%7C33.48583,-86.91194&markers=color%3Ared%7Clabel%3A3%7C33.56694,-84.58111&markers=color%3Agreen%7Clabel%3A4%7C33.52056,-86.8025&markers=color%3Ared%7Clabel%3A4%7C33.74889,-84.38806&markers=color%3Agreen%7Clabel%3A5%7C33.48583,-86.91194&markers=color%3Ared%7Clabel%3A5%7C33.44722,-84.14694"
3176,168,155,-13,"http://maps.google.com/maps/api/staticmap?size=500x500&sensor=false&maptype=road&markers=color%3Agreen%7Clabel%3A1%7C33.48583,-86.91194&markers=color%3Ared%7C33.56694,-84.58111&markers=color%3Agreen%7Clabel%3A2%7C33.48583,-86.91194&markers=color%3Ared%7Clabel%3A2%7C33.56694,-84.58111&markers=color%3Agreen%7Clabel%3A3%7C33.52056,-86.8025&markers=color%3Ared%7Clabel%3A3%7C33.74889,-84.38806&markers=color%3Agreen%7Clabel%3A4%7C33.52056,-86.8025&markers=color%3Ared%7Clabel%3A4%7C33.38056,-84.79972&markers=color%3Agreen%7Clabel%3A5%7C33.48583,-86.91194&markers=color%3Ared%7Clabel%3A5%7C33.44722,-84.14694"
3195,541,537,-4,"http://maps.google.com/maps/api/staticmap?size=500x500&sensor=false&maptype=road&markers=color%3Agreen%7Clabel%3A1%7C32.40722,-87.02111&markers=color%3Ared%7C27.78611,-81.80528&markers=color%3Agreen%7Clabel%3A2%7C32.40722,-87.02111&markers=color%3Ared%7Clabel%3A2%7C27.78611,-81.80528&markers=color%3Agreen%7Clabel%3A3%7C32.40722,-87.02111&markers=color%3Ared%7Clabel%3A3%7C27.78611,-81.80528&markers=color%3Agreen%7Clabel%3A4%7C32.32806,-86.53694&markers=color%3Ared%7Clabel%3A4%7C28.54917,-81.77306"
3196,80,80,0,"http://maps.google.com/maps/api/staticmap?size=500x500&sensor=false&maptype=road&markers=color%3Agreen%7Clabel%3A1%7C32.40722,-87.02111&markers=color%3Ared%7C32.63528,-86.03444&markers=color%3Agreen%7Clabel%3A2%7C32.40722,-87.02111&markers=color%3Ared%7Clabel%3A2%7C32.63528,-86.03444"
3198,364,355,-9,"http://maps.google.com/maps/api/staticmap?size=500x500&sensor=false&maptype=road&markers=color%3Agreen%7Clabel%3A1%7C37.32806,-87.49889&markers=color%3Ared%7C41.69861,-88.06833&markers=color%3Agreen%7Clabel%3A2%7C37.32806,-87.49889&markers=color%3Ared%7Clabel%3A2%7C41.69861,-88.06833&markers=color%3Agreen%7Clabel%3A3%7C37.32806,-87.49889&markers=color%3Ared%7Clabel%3A3%7C41.50611,-87.63556&markers=color%3Agreen%7Clabel%3A4%7C36.86556,-87.48861&markers=color%3Ared%7Clabel%3A4%7C41.76889,-87.85778"
3202,582,588,6,"http://maps.google.com/maps/api/staticmap?size=500x500&sensor=false&maptype=road&markers=color%3Agreen%7Clabel%3A1%7C34.20389,-83.45722&markers=color%3Ared%7C39.84667,-79.9&markers=color%3Agreen%7Clabel%3A2%7C34.20389,-83.45722&markers=color%3Ared%7Clabel%3A2%7C39.84667,-79.9&markers=color%3Agreen%7Clabel%3A3%7C34.20389,-83.45722&markers=color%3Ared%7Clabel%3A3%7C39.84667,-79.9&markers=color%3Agreen%7Clabel%3A4%7C33.9925,-83.72028&markers=color%3Ared%7Clabel%3A4%7C40.23722,-79.95083&markers=color%3Agreen%7Clabel%3A5%7C33.96083,-83.37806&markers=color%3Ared%7Clabel%3A5%7C40.08056,-80.90028"
3209,501,507,6,"http://maps.google.com/maps/api/staticmap?size=500x500&sensor=false&maptype=road&markers=color%3Agreen%7Clabel%3A1%7C35.94889,-85.02694&markers=color%3Ared%7C41.75,-87.80417&markers=color%3Agreen%7Clabel%3A2%7C35.94889,-85.02694&markers=color%3Ared%7Clabel%3A2%7C41.75,-87.80417&markers=color%3Agreen%7Clabel%3A3%7C35.94889,-85.02694&markers=color%3Ared%7Clabel%3A3%7C41.75,-87.80417&markers=color%3Agreen%7Clabel%3A4%7C35.94889,-85.02694&markers=color%3Ared%7Clabel%3A4%7C41.75,-87.80417&markers=color%3Agreen%7Clabel%3A5%7C35.69194,-84.86083&markers=color%3Ared%7Clabel%3A5%7C41.73056,-88.34583"
3224,718,720,2,"http://maps.google.com/maps/api/staticmap?size=500x500&sensor=false&maptype=road&markers=color%3Agreen%7Clabel%3A1%7C37.97472,-87.55583&markers=color%3Ared%7C43.583,-79.65&markers=color%3Agreen%7Clabel%3A2%7C37.97472,-87.55583&markers=color%3Ared%7Clabel%3A2%7C43.583,-79.65&markers=color%3Agreen%7Clabel%3A3%7C37.97472,-87.55583&markers=color%3Ared%7Clabel%3A3%7C43.583,-79.65&markers=color%3Agreen%7Clabel%3A4%7C37.97472,-87.55583&markers=color%3Ared%7Clabel%3A4%7C44.4,-79.667&markers=color%3Agreen%7Clabel%3A5%7C37.97472,-87.55583&markers=color%3Ared%7Clabel%3A5%7C44.4,-79.667"
3229,634,639,5,"http://maps.google.com/maps/api/staticmap?size=500x500&sensor=false&maptype=road&markers=color%3Agreen%7Clabel%3A1%7C34.50028,-91.5525&markers=color%3Ared%7C41.85,-87.65&markers=color%3Agreen%7Clabel%3A2%7C34.50028,-91.5525&markers=color%3Ared%7Clabel%3A2%7C41.85,-87.65&markers=color%3Agreen%7Clabel%3A3%7C34.50028,-91.5525&markers=color%3Ared%7Clabel%3A3%7C41.85,-87.65&markers=color%3Agreen%7Clabel%3A4%7C34.22833,-92.00306&markers=color%3Ared%7Clabel%3A4%7C41.96722,-87.8075&markers=color%3Agreen%7Clabel%3A5%7C34.74639,-92.28944&markers=color%3Ared%7Clabel%3A5%7C41.85,-87.65"
3245,136,136,0,"http://maps.google.com/maps/api/staticmap?size=500x500&sensor=false&maptype=road&markers=color%3Agreen%7Clabel%3A1%7C39.46667,-87.41389&markers=color%3Ared%7C39.80167,-89.64361&markers=color%3Agreen%7Clabel%3A2%7C39.46667,-87.41389&markers=color%3Ared%7Clabel%3A2%7C39.80167,-89.64361&markers=color%3Agreen%7Clabel%3A3%7C39.46667,-87.41389&markers=color%3Ared%7Clabel%3A3%7C39.80167,-89.64361&markers=color%3Agreen%7Clabel%3A4%7C39.46667,-87.41389&markers=color%3Ared%7Clabel%3A4%7C39.80167,-89.64361&markers=color%3Agreen%7Clabel%3A5%7C39.46667,-87.41389&markers=color%3Ared%7Clabel%3A5%7C39.80167,-89.64361"
3248,461,444,-17,"http://maps.google.com/maps/api/staticmap?size=500x500&sensor=false&maptype=road&markers=color%3Agreen%7Clabel%3A1%7C34.78083,-91.58083&markers=color%3Ared%7C39.11417,-94.62722&markers=color%3Agreen%7Clabel%3A2%7C34.78083,-91.58083&markers=color%3Ared%7Clabel%3A2%7C39.11417,-94.62722&markers=color%3Agreen%7Clabel%3A3%7C34.22833,-92.00306&markers=color%3Ared%7Clabel%3A3%7C39.11417,-94.62722&markers=color%3Agreen%7Clabel%3A4%7C34.22833,-92.00306&markers=color%3Ared%7Clabel%3A4%7C39.11417,-94.62722&markers=color%3Agreen%7Clabel%3A5%7C34.22833,-92.00306&markers=color%3Ared%7Clabel%3A5%7C39.11417,-94.62722"
3250,300,300,0,"http://maps.google.com/maps/api/staticmap?size=500x500&sensor=false&maptype=road&markers=color%3Agreen%7Clabel%3A1%7C38.34361,-89.38056&markers=color%3Ared%7C41.85,-87.65&markers=color%3Agreen%7Clabel%3A2%7C38.34361,-89.38056&markers=color%3Ared%7Clabel%3A2%7C41.85,-87.65&markers=color%3Agreen%7Clabel%3A3%7C38.73944,-89.67111&markers=color%3Ared%7Clabel%3A3%7C41.93528,-87.86556&markers=color%3Agreen%7Clabel%3A4%7C38.633,-90.25&markers=color%3Ared%7Clabel%3A4%7C41.85,-87.65&markers=color%3Agreen%7Clabel%3A5%7C38.67028,-89.98444&markers=color%3Ared%7Clabel%3A5%7C41.89944,-87.94028"
3252,309,294,-15,"http://maps.google.com/maps/api/staticmap?size=500x500&sensor=false&maptype=road&markers=color%3Agreen%7Clabel%3A1%7C38.55028,-82.77806&markers=color%3Ared%7C40.88806,-80.33833&markers=color%3Agreen%7Clabel%3A2%7C38.55028,-82.77806&markers=color%3Ared%7Clabel%3A2%7C40.88806,-80.33833&markers=color%3Agreen%7Clabel%3A3%7C38.55028,-82.77806&markers=color%3Ared%7Clabel%3A3%7C40.88806,-80.33833&markers=color%3Agreen%7Clabel%3A4%7C38.55028,-82.77806&markers=color%3Ared%7Clabel%3A4%7C41.235,-81.04944&markers=color%3Agreen%7Clabel%3A5%7C38.41917,-82.44528&markers=color%3Ared%7Clabel%3A5%7C41.15389,-80.70167"
3267,849,853,4,"http://maps.google.com/maps/api/staticmap?size=500x500&sensor=false&maptype=road&markers=color%3Agreen%7Clabel%3A1%7C34.00056,-81.035&markers=color%3Ared%7C42.28306,-87.95306&markers=color%3Agreen%7Clabel%3A2%7C34.00056,-81.035&markers=color%3Ared%7Clabel%3A2%7C42.28306,-87.95306&markers=color%3Agreen%7Clabel%3A3%7C34.00056,-81.035&markers=color%3Ared%7Clabel%3A3%7C41.85,-87.65&markers=color%3Agreen%7Clabel%3A4%7C33.92028,-80.34167&markers=color%3Ared%7Clabel%3A4%7C41.90056,-87.85667&markers=color%3Agreen%7Clabel%3A5%7C33.695,-80.21111&markers=color%3Ared%7Clabel%3A5%7C41.975,-88.00722"
3269,163,164,1,"http://maps.google.com/maps/api/staticmap?size=500x500&sensor=false&maptype=road&markers=color%3Agreen%7Clabel%3A1%7C39.55889,-84.30417&markers=color%3Ared%7C41.42972,-84.87139&markers=color%3Agreen%7Clabel%3A2%7C39.55889,-84.30417&markers=color%3Ared%7Clabel%3A2%7C41.42972,-84.87139&markers=color%3Agreen%7Clabel%3A3%7C39.55889,-84.30417&markers=color%3Ared%7Clabel%3A3%7C42.24583,-84.40139&markers=color%3Agreen%7Clabel%3A4%7C39.317,-84.4&markers=color%3Ared%7Clabel%3A4%7C41.40972,-85.84556"
3275,951,951,0,"http://maps.google.com/maps/api/staticmap?size=500x500&sensor=false&maptype=road&markers=color%3Agreen%7Clabel%3A1%7C33.24417,-86.81639&markers=color%3Ared%7C42.66417,-93.90417&markers=color%3Agreen%7Clabel%3A2%7C33.24417,-86.81639&markers=color%3Ared%7Clabel%3A2%7C42.66417,-93.90417&markers=color%3Agreen%7Clabel%3A3%7C33.24417,-86.81639&markers=color%3Ared%7Clabel%3A3%7C42.66417,-93.90417&markers=color%3Agreen%7Clabel%3A4%7C33.24417,-86.81639&markers=color%3Ared%7Clabel%3A4%7C42.66417,-93.90417"
3280,486,476,-10,"http://maps.google.com/maps/api/staticmap?size=500x500&sensor=false&maptype=road&markers=color%3Agreen%7Clabel%3A1%7C36.57444,-85.12889&markers=color%3Ared%7C41.975,-88.00722&markers=color%3Agreen%7Clabel%3A2%7C36.57444,-85.12889&markers=color%3Ared%7Clabel%3A2%7C41.975,-88.00722&markers=color%3Agreen%7Clabel%3A3%7C35.94889,-85.02694&markers=color%3Ared%7Clabel%3A3%7C41.75,-87.80417&markers=color%3Agreen%7Clabel%3A4%7C35.94889,-85.02694&markers=color%3Ared%7Clabel%3A4%7C41.75,-87.80417&markers=color%3Agreen%7Clabel%3A5%7C35.94889,-85.02694&markers=color%3Ared%7Clabel%3A5%7C41.75,-87.80417"
3318,659,647,-12,"http://maps.google.com/maps/api/staticmap?size=500x500&sensor=false&maptype=road&markers=color%3Agreen%7Clabel%3A1%7C39.12,-88.54333&markers=color%3Ared%7C46.78333,-92.10639&markers=color%3Agreen%7Clabel%3A2%7C39.12,-88.54333&markers=color%3Ared%7Clabel%3A2%7C46.78333,-92.10639&markers=color%3Agreen%7Clabel%3A3%7C39.12,-88.54333&markers=color%3Ared%7Clabel%3A3%7C46.78333,-92.10639&markers=color%3Agreen%7Clabel%3A4%7C39.84028,-88.95472&markers=color%3Ared%7Clabel%3A4%7C46.78333,-92.10639"
3326,659,654,-5,"http://maps.google.com/maps/api/staticmap?size=500x500&sensor=false&maptype=road&markers=color%3Agreen%7Clabel%3A1%7C34.36222,-92.81278&markers=color%3Ared%7C41.60056,-93.60889&markers=color%3Agreen%7Clabel%3A2%7C34.36222,-92.81278&markers=color%3Ared%7Clabel%3A2%7C41.60056,-93.60889&markers=color%3Agreen%7Clabel%3A3%7C34.76944,-92.26694&markers=color%3Ared%7Clabel%3A3%7C41.60056,-93.60889"
3327,391,404,13,"http://maps.google.com/maps/api/staticmap?size=500x500&sensor=false&maptype=road&markers=color%3Agreen%7Clabel%3A1%7C38.633,-90.25&markers=color%3Ared%7C36.15389,-95.9925&markers=color%3Agreen%7Clabel%3A2%7C38.633,-90.25&markers=color%3Ared%7Clabel%3A2%7C36.15389,-95.9925&markers=color%3Agreen%7Clabel%3A3%7C38.633,-90.25&markers=color%3Ared%7Clabel%3A3%7C36.15389,-95.9925&markers=color%3Agreen%7Clabel%3A4%7C38.21167,-89.99417&markers=color%3Ared%7Clabel%3A4%7C36.15389,-95.9925&markers=color%3Agreen%7Clabel%3A5%7C38.21167,-89.99417&markers=color%3Ared%7Clabel%3A5%7C36.15389,-95.9925"
3346,506,511,5,"http://maps.google.com/maps/api/staticmap?size=500x500&sensor=false&maptype=road&markers=color%3Agreen%7Clabel%3A1%7C34.74472,-87.6675&markers=color%3Ared%7C35.74778,-95.36944&markers=color%3Agreen%7Clabel%3A2%7C34.74472,-87.6675&markers=color%3Ared%7Clabel%3A2%7C35.74778,-95.36944&markers=color%3Agreen%7Clabel%3A3%7C34.73111,-87.7025&markers=color%3Ared%7Clabel%3A3%7C36.15389,-95.9925"
3367,887,887,0,"http://maps.google.com/maps/api/staticmap?size=500x500&sensor=false&maptype=road&markers=color%3Agreen%7Clabel%3A1%7C34.74472,-87.6675&markers=color%3Ared%7C42.467,-96.4&markers=color%3Agreen%7Clabel%3A2%7C34.74472,-87.6675&markers=color%3Ared%7Clabel%3A2%7C42.467,-96.4&markers=color%3Agreen%7Clabel%3A3%7C34.74472,-87.6675&markers=color%3Ared%7Clabel%3A3%7C42.467,-96.4"
3377,823,840,17,"http://maps.google.com/maps/api/staticmap?size=500x500&sensor=false&maptype=road&markers=color%3Agreen%7Clabel%3A1%7C33.34861,-87.01417&markers=color%3Ared%7C37.69222,-97.33722&markers=color%3Agreen%7Clabel%3A2%7C33.34861,-87.01417&markers=color%3Ared%7Clabel%3A2%7C37.69222,-97.33722&markers=color%3Agreen%7Clabel%3A3%7C33.34861,-87.01417&markers=color%3Ared%7Clabel%3A3%7C37.69222,-97.33722&markers=color%3Agreen%7Clabel%3A4%7C33.34861,-87.01417&markers=color%3Ared%7Clabel%3A4%7C37.69222,-97.33722&markers=color%3Agreen%7Clabel%3A5%7C33.34861,-87.01417&markers=color%3Ared%7Clabel%3A5%7C37.69222,-97.33722"
3397,295,295,0,"http://maps.google.com/maps/api/staticmap?size=500x500&sensor=false&maptype=road&markers=color%3Agreen%7Clabel%3A1%7C35.91889,-92.32694&markers=color%3Ared%7C38.81194,-94.53167&markers=color%3Agreen%7Clabel%3A2%7C35.91889,-92.32694&markers=color%3Ared%7Clabel%3A2%7C38.81194,-94.53167&markers=color%3Agreen%7Clabel%3A3%7C35.91889,-92.32694&markers=color%3Ared%7Clabel%3A3%7C38.81194,-94.53167&markers=color%3Agreen%7Clabel%3A4%7C35.91889,-92.32694&markers=color%3Ared%7Clabel%3A4%7C38.81194,-94.53167&markers=color%3Agreen%7Clabel%3A5%7C35.91889,-92.32694&markers=color%3Ared%7Clabel%3A5%7C38.81194,-94.53167"
3400,891,914,23,"http://maps.google.com/maps/api/staticmap?size=500x500&sensor=false&maptype=road&markers=color%3Agreen%7Clabel%3A1%7C34.78083,-91.58083&markers=color%3Ared%7C44.98,-93.26361&markers=color%3Agreen%7Clabel%3A2%7C34.78083,-91.58083&markers=color%3Ared%7Clabel%3A2%7C44.98,-93.26361&markers=color%3Agreen%7Clabel%3A3%7C35.00806,-90.78972&markers=color%3Ared%7Clabel%3A3%7C44.98,-93.26361&markers=color%3Agreen%7Clabel%3A4%7C35.25056,-91.73611&markers=color%3Ared%7Clabel%3A4%7C44.73944,-93.12556&markers=color%3Agreen%7Clabel%3A5%7C34.76944,-92.26694&markers=color%3Ared%7Clabel%3A5%7C44.86222,-93.53056"
3403,645,647,2,"http://maps.google.com/maps/api/staticmap?size=500x500&sensor=false&maptype=road&markers=color%3Agreen%7Clabel%3A1%7C39.12,-88.54333&markers=color%3Ared%7C46.78333,-92.10639&markers=color%3Agreen%7Clabel%3A2%7C39.12,-88.54333&markers=color%3Ared%7Clabel%3A2%7C46.78333,-92.10639&markers=color%3Agreen%7Clabel%3A3%7C39.12,-88.54333&markers=color%3Ared%7Clabel%3A3%7C46.78333,-92.10639&markers=color%3Agreen%7Clabel%3A4%7C39.84028,-88.95472&markers=color%3Ared%7Clabel%3A4%7C46.78333,-92.10639"
3423,598,598,0,"http://maps.google.com/maps/api/staticmap?size=500x500&sensor=false&maptype=road&markers=color%3Agreen%7Clabel%3A1%7C38.73278,-86.394&markers=color%3Ared%7C42.483,-94.167&markers=color%3Agreen%7Clabel%3A2%7C38.73278,-86.394&markers=color%3Ared%7Clabel%3A2%7C42.483,-94.167&markers=color%3Agreen%7Clabel%3A3%7C38.73278,-86.394&markers=color%3Ared%7Clabel%3A3%7C42.483,-94.167"
3426,630,639,9,"http://maps.google.com/maps/api/staticmap?size=500x500&sensor=false&maptype=road&markers=color%3Agreen%7Clabel%3A1%7C34.50028,-91.5525&markers=color%3Ared%7C41.85,-87.65&markers=color%3Agreen%7Clabel%3A2%7C34.50028,-91.5525&markers=color%3Ared%7Clabel%3A2%7C41.85,-87.65&markers=color%3Agreen%7Clabel%3A3%7C34.50028,-91.5525&markers=color%3Ared%7Clabel%3A3%7C41.85,-87.65&markers=color%3Agreen%7Clabel%3A4%7C34.22833,-92.00306&markers=color%3Ared%7Clabel%3A4%7C41.96722,-87.8075&markers=color%3Agreen%7Clabel%3A5%7C34.74639,-92.28944&markers=color%3Ared%7Clabel%3A5%7C41.85,-87.65"
3452,417,409,-8,"http://maps.google.com/maps/api/staticmap?size=500x500&sensor=false&maptype=road&markers=color%3Agreen%7Clabel%3A1%7C34.74472,-87.6675&markers=color%3Ared%7C39.52028,-89.04889&markers=color%3Agreen%7Clabel%3A2%7C34.74472,-87.6675&markers=color%3Ared%7Clabel%3A2%7C39.52028,-89.04889&markers=color%3Agreen%7Clabel%3A3%7C34.74472,-87.6675&markers=color%3Ared%7Clabel%3A3%7C39.52028,-89.04889"
3462,979,1071,92,"http://maps.google.com/maps/api/staticmap?size=500x500&sensor=false&maptype=road&markers=color%3Agreen%7Clabel%3A1%7C33.12361,-89.055&markers=color%3Ared%7C44.933,-93.083&markers=color%3Agreen%7Clabel%3A2%7C33.12361,-89.055&markers=color%3Ared%7Clabel%3A2%7C44.933,-93.083&markers=color%3Agreen%7Clabel%3A3%7C33.49556,-88.42722&markers=color%3Ared%7Clabel%3A3%7C45.01056,-93.45528&markers=color%3Agreen%7Clabel%3A4%7C33.49556,-88.42722&markers=color%3Ared%7Clabel%3A4%7C45.01056,-93.45528"
3464,635,635,0,"http://maps.google.com/maps/api/staticmap?size=500x500&sensor=false&maptype=road&markers=color%3Agreen%7Clabel%3A1%7C34.50028,-91.5525&markers=color%3Ared%7C39.57083,-97.66222&markers=color%3Agreen%7Clabel%3A2%7C34.50028,-91.5525&markers=color%3Ared%7Clabel%3A2%7C39.57083,-97.66222"
3472,1198,1198,0,"http://maps.google.com/maps/api/staticmap?size=500x500&sensor=false&maptype=road&markers=color%3Agreen%7Clabel%3A1%7C31.96333,-83.7825&markers=color%3Ared%7C41.43333,-96.49778&markers=color%3Agreen%7Clabel%3A2%7C31.96333,-83.7825&markers=color%3Ared%7Clabel%3A2%7C41.43333,-96.49778&markers=color%3Agreen%7Clabel%3A3%7C31.96333,-83.7825&markers=color%3Ared%7Clabel%3A3%7C41.43333,-96.49778"
3478,205,196,-9,"http://maps.google.com/maps/api/staticmap?size=500x500&sensor=false&maptype=road&markers=color%3Agreen%7Clabel%3A1%7C39.76833,-86.15806&markers=color%3Ared%7C41.91722,-87.89556&markers=color%3Agreen%7Clabel%3A2%7C39.76833,-86.15806&markers=color%3Ared%7Clabel%3A2%7C41.91722,-87.89556&markers=color%3Agreen%7Clabel%3A3%7C39.76833,-86.15806&markers=color%3Ared%7Clabel%3A3%7C41.975,-88.00722&markers=color%3Agreen%7Clabel%3A4%7C39.76833,-86.15806&markers=color%3Ared%7Clabel%3A4%7C41.85,-87.65&markers=color%3Agreen%7Clabel%3A5%7C39.76833,-86.15806&markers=color%3Ared%7Clabel%3A5%7C41.85,-87.65"
3494,1094,1090,-4,"http://maps.google.com/maps/api/staticmap?size=500x500&sensor=false&maptype=road&markers=color%3Agreen%7Clabel%3A1%7C33.52056,-86.8025&markers=color%3Ared%7C40.69944,-99.08111&markers=color%3Agreen%7Clabel%3A2%7C33.52056,-86.8025&markers=color%3Ared%7Clabel%3A2%7C40.69944,-99.08111&markers=color%3Agreen%7Clabel%3A3%7C33.52056,-86.8025&markers=color%3Ared%7Clabel%3A3%7C40.925,-98.34167&markers=color%3Agreen%7Clabel%3A4%7C33.52056,-86.8025&markers=color%3Ared%7Clabel%3A4%7C40.1375,-99.82917&markers=color%3Agreen%7Clabel%3A5%7C33.52056,-86.8025&markers=color%3Ared%7Clabel%3A5%7C40.1375,-99.82917"
3496,571,676,105,"http://maps.google.com/maps/api/staticmap?size=500x500&sensor=false&maptype=road&markers=color%3Agreen%7Clabel%3A1%7C36.03444,-89.38556&markers=color%3Ared%7C37.15333,-98.03083&markers=color%3Agreen%7Clabel%3A2%7C36.03444,-89.38556&markers=color%3Ared%7Clabel%3A2%7C37.15333,-98.03083&markers=color%3Agreen%7Clabel%3A3%7C35.87556,-89.39611&markers=color%3Ared%7Clabel%3A3%7C37.69222,-97.33722&markers=color%3Agreen%7Clabel%3A4%7C35.87556,-89.39611&markers=color%3Ared%7Clabel%3A4%7C37.69222,-97.33722&markers=color%3Agreen%7Clabel%3A5%7C35.94417,-89.73306&markers=color%3Ared%7Clabel%3A5%7C37.69222,-97.33722"
3499,1060,1068,8,"http://maps.google.com/maps/api/staticmap?size=500x500&sensor=false&maptype=road&markers=color%3Agreen%7Clabel%3A1%7C33.52056,-86.8025&markers=color%3Ared%7C40.925,-98.34167&markers=color%3Agreen%7Clabel%3A2%7C33.52056,-86.8025&markers=color%3Ared%7Clabel%3A2%7C40.925,-98.34167&markers=color%3Agreen%7Clabel%3A3%7C33.52056,-86.8025&markers=color%3Ared%7Clabel%3A3%7C40.69944,-99.08111&markers=color%3Agreen%7Clabel%3A4%7C33.20972,-87.56917&markers=color%3Ared%7Clabel%3A4%7C41.42972,-97.36806"
3514,902,902,0,"http://maps.google.com/maps/api/staticmap?size=500x500&sensor=false&maptype=road&markers=color%3Agreen%7Clabel%3A1%7C36.57111,-89.18611&markers=color%3Ared%7C44.94361,-94.87972&markers=color%3Agreen%7Clabel%3A2%7C36.57111,-89.18611&markers=color%3Ared%7Clabel%3A2%7C44.94361,-94.87972&markers=color%3Agreen%7Clabel%3A3%7C36.57111,-89.18611&markers=color%3Ared%7Clabel%3A3%7C44.94361,-94.87972&markers=color%3Agreen%7Clabel%3A4%7C36.57111,-89.18611&markers=color%3Ared%7Clabel%3A4%7C44.94361,-94.87972&markers=color%3Agreen%7Clabel%3A5%7C36.57111,-89.18611&markers=color%3Ared%7Clabel%3A5%7C44.94361,-94.87972"
3518,841,825,-16,"http://maps.google.com/maps/api/staticmap?size=500x500&sensor=false&maptype=road&markers=color%3Agreen%7Clabel%3A1%7C32.19583,-84.14&markers=color%3Ared%7C41.63917,-87.45472&markers=color%3Agreen%7Clabel%3A2%7C32.19583,-84.14&markers=color%3Ared%7Clabel%3A2%7C41.63917,-87.45472&markers=color%3Agreen%7Clabel%3A3%7C32.1975,-83.17778&markers=color%3Ared%7Clabel%3A3%7C41.85,-87.65&markers=color%3Agreen%7Clabel%3A4%7C32.1975,-83.17778&markers=color%3Ared%7Clabel%3A4%7C41.85,-87.65"
3538,581,585,4,"http://maps.google.com/maps/api/staticmap?size=500x500&sensor=false&maptype=road&markers=color%3Agreen%7Clabel%3A1%7C32.46083,-84.98778&markers=color%3Ared%7C35.27833,-93.13361&markers=color%3Agreen%7Clabel%3A2%7C32.46083,-84.98778&markers=color%3Ared%7Clabel%3A2%7C35.27833,-93.13361&markers=color%3Agreen%7Clabel%3A3%7C32.64528,-85.37833&markers=color%3Ared%7Clabel%3A3%7C35.27833,-93.13361&markers=color%3Agreen%7Clabel%3A4%7C32.305,-84.0275&markers=color%3Ared%7Clabel%3A4%7C34.74639,-92.28944"
3544,391,393,2,"http://maps.google.com/maps/api/staticmap?size=500x500&sensor=false&maptype=road&markers=color%3Agreen%7Clabel%3A1%7C38.633,-90.25&markers=color%3Ared%7C42.03472,-93.61972&markers=color%3Agreen%7Clabel%3A2%7C38.633,-90.25&markers=color%3Ared%7Clabel%3A2%7C42.03472,-93.61972&markers=color%3Agreen%7Clabel%3A3%7C38.81139,-91.14139&markers=color%3Ared%7Clabel%3A3%7C42.483,-94.167"
3547,2032,2041,9,"http://maps.google.com/maps/api/staticmap?size=500x500&sensor=false&maptype=road&markers=color%3Agreen%7Clabel%3A1%7C34.92472,-81.02528&markers=color%3Ared%7C41.29722,-112.02694&markers=color%3Agreen%7Clabel%3A2%7C34.92472,-81.02528&markers=color%3Ared%7Clabel%3A2%7C41.29722,-112.02694&markers=color%3Agreen%7Clabel%3A3%7C35.73306,-80.67722&markers=color%3Ared%7Clabel%3A3%7C40.683,-111.983"
3550,1216,1216,0,"http://maps.google.com/maps/api/staticmap?size=500x500&sensor=false&maptype=road&markers=color%3Agreen%7Clabel%3A1%7C35.925,-86.86889&markers=color%3Ared%7C40.39778,-105.07444&markers=color%3Agreen%7Clabel%3A2%7C35.925,-86.86889&markers=color%3Ared%7Clabel%3A2%7C40.39778,-105.07444&markers=color%3Agreen%7Clabel%3A3%7C35.925,-86.86889&markers=color%3Ared%7Clabel%3A3%7C40.39778,-105.07444"
3552,2075,2075,0,"http://maps.google.com/maps/api/staticmap?size=500x500&sensor=false&maptype=road&markers=color%3Agreen%7Clabel%3A1%7C34.00056,-81.035&markers=color%3Ared%7C45.78333,-108.5&markers=color%3Agreen%7Clabel%3A2%7C34.00056,-81.035&markers=color%3Ared%7Clabel%3A2%7C45.78333,-108.5"
3559,1386,1386,0,"http://maps.google.com/maps/api/staticmap?size=500x500&sensor=false&maptype=road&markers=color%3Agreen%7Clabel%3A1%7C29.90583,-90.14222&markers=color%3Ared%7C41.14278,-102.9775&markers=color%3Agreen%7Clabel%3A2%7C29.90583,-90.14222&markers=color%3Ared%7Clabel%3A2%7C41.14278,-102.9775"
3564,447,464,17,"http://maps.google.com/maps/api/staticmap?size=500x500&sensor=false&maptype=road&markers=color%3Agreen%7Clabel%3A1%7C34.60583,-86.98333&markers=color%3Ared%7C40.27944,-86.51083&markers=color%3Agreen%7Clabel%3A2%7C34.60583,-86.98333&markers=color%3Ared%7Clabel%3A2%7C40.27944,-86.51083&markers=color%3Agreen%7Clabel%3A3%7C34.73111,-87.7025&markers=color%3Ared%7Clabel%3A3%7C39.70417,-86.39944"
3572,1974,1974,0,"http://maps.google.com/maps/api/staticmap?size=500x500&sensor=false&maptype=road&markers=color%3Agreen%7Clabel%3A1%7C34.96167,-89.82944&markers=color%3Ared%7C44.25111,-116.96833&markers=color%3Agreen%7Clabel%3A2%7C34.96167,-89.82944&markers=color%3Ared%7Clabel%3A2%7C44.25111,-116.96833"
3585,610,628,18,"http://maps.google.com/maps/api/staticmap?size=500x500&sensor=false&maptype=road&markers=color%3Agreen%7Clabel%3A1%7C34.00167,-88.75528&markers=color%3Ared%7C41.85,-87.65&markers=color%3Agreen%7Clabel%3A2%7C34.00167,-88.75528&markers=color%3Ared%7Clabel%3A2%7C41.85,-87.65&markers=color%3Agreen%7Clabel%3A3%7C34.00167,-88.75528&markers=color%3Ared%7Clabel%3A3%7C41.85,-87.65&markers=color%3Agreen%7Clabel%3A4%7C34.03806,-89.02194&markers=color%3Ared%7Clabel%3A4%7C41.85,-87.65&markers=color%3Agreen%7Clabel%3A5%7C34.03806,-89.02194&markers=color%3Ared%7Clabel%3A5%7C41.85,-87.65"
3594,490,490,0,"http://maps.google.com/maps/api/staticmap?size=500x500&sensor=false&maptype=road&markers=color%3Agreen%7Clabel%3A1%7C34.35306,-89.02306&markers=color%3Ared%7C38.57667,-92.17333&markers=color%3Agreen%7Clabel%3A2%7C34.35306,-89.02306&markers=color%3Ared%7Clabel%3A2%7C38.57667,-92.17333"
3596,1526,1523,-3,"http://maps.google.com/maps/api/staticmap?size=500x500&sensor=false&maptype=road&markers=color%3Agreen%7Clabel%3A1%7C35.92722,-89.91889&markers=color%3Ared%7C40.60972,-111.93833&markers=color%3Agreen%7Clabel%3A2%7C35.92722,-89.91889&markers=color%3Ared%7Clabel%3A2%7C40.60972,-111.93833&markers=color%3Agreen%7Clabel%3A3%7C35.92722,-89.91889&markers=color%3Ared%7Clabel%3A3%7C40.76083,-111.89028"
3600,245,250,5,"http://maps.google.com/maps/api/staticmap?size=500x500&sensor=false&maptype=road&markers=color%3Agreen%7Clabel%3A1%7C38.633,-90.25&markers=color%3Ared%7C39.09972,-94.57833&markers=color%3Agreen%7Clabel%3A2%7C38.633,-90.25&markers=color%3Ared%7Clabel%3A2%7C39.09972,-94.57833&markers=color%3Agreen%7Clabel%3A3%7C38.633,-90.25&markers=color%3Ared%7Clabel%3A3%7C39.09972,-94.57833&markers=color%3Agreen%7Clabel%3A4%7C38.633,-90.25&markers=color%3Ared%7Clabel%3A4%7C38.88139,-94.81889&markers=color%3Agreen%7Clabel%3A5%7C38.633,-90.25&markers=color%3Ared%7Clabel%3A5%7C38.88139,-94.81889"
3608,298,298,0,"http://maps.google.com/maps/api/staticmap?size=500x500&sensor=false&maptype=road&markers=color%3Agreen%7Clabel%3A1%7C33.03944,-92.1825&markers=color%3Ared%7C33.23611,-96.80083&markers=color%3Agreen%7Clabel%3A2%7C33.03944,-92.1825&markers=color%3Ared%7Clabel%3A2%7C33.23611,-96.80083&markers=color%3Agreen%7Clabel%3A3%7C33.03944,-92.1825&markers=color%3Ared%7Clabel%3A3%7C33.23611,-96.80083&markers=color%3Agreen%7Clabel%3A4%7C33.12806,-91.96111&markers=color%3Ared%7Clabel%3A4%7C32.78333,-96.8&markers=color%3Agreen%7Clabel%3A5%7C33.03944,-92.1825&markers=color%3Ared%7Clabel%3A5%7C32.72528,-97.32056"
3632,398,403,5,"http://maps.google.com/maps/api/staticmap?size=500x500&sensor=false&maptype=road&markers=color%3Agreen%7Clabel%3A1%7C36.99556,-91.01444&markers=color%3Ared%7C35.50778,-96.56722&markers=color%3Agreen%7Clabel%3A2%7C36.99556,-91.01444&markers=color%3Ared%7Clabel%3A2%7C35.50778,-96.56722&markers=color%3Agreen%7Clabel%3A3%7C37.40083,-91.07333&markers=color%3Ared%7Clabel%3A3%7C36.13972,-96.10861&markers=color%3Agreen%7Clabel%3A4%7C37.40083,-91.07333&markers=color%3Ared%7Clabel%3A4%7C36.13972,-96.10861&markers=color%3Agreen%7Clabel%3A5%7C37.45556,-91.20944&markers=color%3Ared%7Clabel%3A5%7C36.13972,-96.10861"
3643,223,223,0,"http://maps.google.com/maps/api/staticmap?size=500x500&sensor=false&maptype=road&markers=color%3Agreen%7Clabel%3A1%7C29.933,-90.317&markers=color%3Ared%7C30.42111,-87.21694&markers=color%3Agreen%7Clabel%3A2%7C29.933,-90.317&markers=color%3Ared%7Clabel%3A2%7C30.42111,-87.21694"
3645,258,258,0,"http://maps.google.com/maps/api/staticmap?size=500x500&sensor=false&maptype=road&markers=color%3Agreen%7Clabel%3A1%7C32.52306,-92.63778&markers=color%3Ared%7C32.78333,-96.8&markers=color%3Agreen%7Clabel%3A2%7C32.52306,-92.63778&markers=color%3Ared%7Clabel%3A2%7C32.78333,-96.8&markers=color%3Agreen%7Clabel%3A3%7C32.53444,-92.78833&markers=color%3Ared%7Clabel%3A3%7C32.78333,-96.8&markers=color%3Agreen%7Clabel%3A4%7C32.53444,-92.78833&markers=color%3Ared%7Clabel%3A4%7C32.78333,-96.8&markers=color%3Agreen%7Clabel%3A5%7C32.50917,-92.11917&markers=color%3Ared%7Clabel%3A5%7C32.78333,-96.8"
3678,396,395,-1,"http://maps.google.com/maps/api/staticmap?size=500x500&sensor=false&maptype=road&markers=color%3Agreen%7Clabel%3A1%7C32.517,-92.133&markers=color%3Ared%7C28.95389,-95.35944&markers=color%3Agreen%7Clabel%3A2%7C32.517,-92.133&markers=color%3Ared%7Clabel%3A2%7C28.95389,-95.35944&markers=color%3Agreen%7Clabel%3A3%7C32.517,-92.133&markers=color%3Ared%7Clabel%3A3%7C28.95389,-95.35944&markers=color%3Agreen%7Clabel%3A4%7C32.517,-92.133&markers=color%3Ared%7Clabel%3A4%7C29.76306,-95.36306&markers=color%3Agreen%7Clabel%3A5%7C32.50917,-92.11917&markers=color%3Ared%7Clabel%3A5%7C29.76306,-95.36306"
3691,474,464,-10,"http://maps.google.com/maps/api/staticmap?size=500x500&sensor=false&maptype=road&markers=color%3Agreen%7Clabel%3A1%7C35.22694,-80.84333&markers=color%3Ared%7C34.60583,-86.98333&markers=color%3Agreen%7Clabel%3A2%7C35.22694,-80.84333&markers=color%3Ared%7Clabel%3A2%7C34.60583,-86.98333&markers=color%3Agreen%7Clabel%3A3%7C35.58472,-80.81028&markers=color%3Ared%7Clabel%3A3%7C34.60583,-86.98333&markers=color%3Agreen%7Clabel%3A4%7C35.7825,-80.8875&markers=color%3Ared%7Clabel%3A4%7C34.2675,-86.20889"
3715,510,507,-3,"http://maps.google.com/maps/api/staticmap?size=500x500&sensor=false&maptype=road&markers=color%3Agreen%7Clabel%3A1%7C35.92722,-89.91889&markers=color%3Ared%7C32.78333,-96.8&markers=color%3Agreen%7Clabel%3A2%7C35.92722,-89.91889&markers=color%3Ared%7Clabel%3A2%7C32.78333,-96.8&markers=color%3Agreen%7Clabel%3A3%7C35.92722,-89.91889&markers=color%3Ared%7Clabel%3A3%7C32.78333,-96.8&markers=color%3Agreen%7Clabel%3A4%7C35.92722,-89.91889&markers=color%3Ared%7Clabel%3A4%7C32.78333,-96.8&markers=color%3Agreen%7Clabel%3A5%7C36.05083,-90.23861&markers=color%3Ared%7Clabel%3A5%7C32.78333,-96.8"
3719,726,746,20,"http://maps.google.com/maps/api/staticmap?size=500x500&sensor=false&maptype=road&markers=color%3Agreen%7Clabel%3A1%7C33.95472,-86.04194&markers=color%3Ared%7C29.76306,-95.36306&markers=color%3Agreen%7Clabel%3A2%7C33.95472,-86.04194&markers=color%3Ared%7Clabel%3A2%7C29.76306,-95.36306&markers=color%3Agreen%7Clabel%3A3%7C34.02167,-86.08861&markers=color%3Ared%7Clabel%3A3%7C29.76306,-95.36306&markers=color%3Agreen%7Clabel%3A4%7C34.2675,-86.20889&markers=color%3Ared%7Clabel%3A4%7C29.76306,-95.36306&markers=color%3Agreen%7Clabel%3A5%7C34.02167,-86.08861&markers=color%3Ared%7Clabel%3A5%7C30.155,-95.21111"
3750,848,831,-17,"http://maps.google.com/maps/api/staticmap?size=500x500&sensor=false&maptype=road&markers=color%3Agreen%7Clabel%3A1%7C33.06152,-84.89071&markers=color%3Ared%7C37.03722,-95.61611&markers=color%3Agreen%7Clabel%3A2%7C33.06152,-84.89071&markers=color%3Ared%7Clabel%3A2%7C37.03722,-95.61611&markers=color%3Agreen%7Clabel%3A3%7C33.38694,-84.28306&markers=color%3Ared%7Clabel%3A3%7C36.30833,-95.31667"
3772,938,938,0,"http://maps.google.com/maps/api/staticmap?size=500x500&sensor=false&maptype=road&markers=color%3Agreen%7Clabel%3A1%7C38.25417,-85.75944&markers=color%3Ared%7C29.89861,-93.92861&markers=color%3Agreen%7Clabel%3A2%7C38.25417,-85.75944&markers=color%3Ared%7Clabel%3A2%7C29.89861,-93.92861"
3778,501,500,-1,"http://maps.google.com/maps/api/staticmap?size=500x500&sensor=false&maptype=road&markers=color%3Agreen%7Clabel%3A1%7C29.933,-90.317&markers=color%3Ared%7C30.26694,-97.74278&markers=color%3Agreen%7Clabel%3A2%7C29.933,-90.317&markers=color%3Ared%7Clabel%3A2%7C30.26694,-97.74278"
3791,278,271,-7,"http://maps.google.com/maps/api/staticmap?size=500x500&sensor=false&maptype=road&markers=color%3Agreen%7Clabel%3A1%7C30.28889,-91.23417&markers=color%3Ared%7C29.76306,-95.36306&markers=color%3Agreen%7Clabel%3A2%7C30.28889,-91.23417&markers=color%3Ared%7Clabel%3A2%7C29.76306,-95.36306&markers=color%3Agreen%7Clabel%3A3%7C30.45056,-91.15444&markers=color%3Ared%7Clabel%3A3%7C29.76306,-95.36306&markers=color%3Agreen%7Clabel%3A4%7C30.04722,-90.68972&markers=color%3Ared%7Clabel%3A4%7C29.76306,-95.36306&markers=color%3Agreen%7Clabel%3A5%7C30.48667,-90.95611&markers=color%3Ared%7Clabel%3A5%7C29.73528,-94.97722"
3798,357,373,16,"http://maps.google.com/maps/api/staticmap?size=500x500&sensor=false&maptype=road&markers=color%3Agreen%7Clabel%3A1%7C35.84222,-90.70417&markers=color%3Ared%7C38.65333,-94.34861&markers=color%3Agreen%7Clabel%3A2%7C35.84222,-90.70417&markers=color%3Ared%7Clabel%3A2%7C38.65333,-94.34861&markers=color%3Agreen%7Clabel%3A3%7C35.94417,-89.73306&markers=color%3Ared%7Clabel%3A3%7C39.09972,-94.57833&markers=color%3Agreen%7Clabel%3A4%7C35.94417,-89.73306&markers=color%3Ared%7Clabel%3A4%7C39.09972,-94.57833&markers=color%3Agreen%7Clabel%3A5%7C35.14944,-90.04889&markers=color%3Ared%7Clabel%3A5%7C39.09972,-94.57833"
3802,673,695,22,"http://maps.google.com/maps/api/staticmap?size=500x500&sensor=false&maptype=road&markers=color%3Agreen%7Clabel%3A1%7C35.94417,-89.73306&markers=color%3Ared%7C38.14889,-97.84528&markers=color%3Agreen%7Clabel%3A2%7C35.94417,-89.73306&markers=color%3Ared%7Clabel%3A2%7C38.14889,-97.84528&markers=color%3Agreen%7Clabel%3A3%7C35.94417,-89.73306&markers=color%3Ared%7Clabel%3A3%7C37.69222,-97.33722&markers=color%3Agreen%7Clabel%3A4%7C35.94417,-89.73306&markers=color%3Ared%7Clabel%3A4%7C37.69222,-97.33722&markers=color%3Agreen%7Clabel%3A5%7C35.94417,-89.73306&markers=color%3Ared%7Clabel%3A5%7C37.69222,-97.33722"
3823,1201,1190,-11,"http://maps.google.com/maps/api/staticmap?size=500x500&sensor=false&maptype=road&markers=color%3Agreen%7Clabel%3A1%7C32.08333,-81.1&markers=color%3Ared%7C29.42389,-98.49333&markers=color%3Agreen%7Clabel%3A2%7C32.08333,-81.1&markers=color%3Ared%7Clabel%3A2%7C29.42389,-98.49333&markers=color%3Agreen%7Clabel%3A3%7C32.08333,-81.1&markers=color%3Ared%7Clabel%3A3%7C29.42389,-98.49333&markers=color%3Agreen%7Clabel%3A4%7C32.14889,-81.16333&markers=color%3Ared%7Clabel%3A4%7C29.42389,-98.49333&markers=color%3Agreen%7Clabel%3A5%7C32.08333,-81.1&markers=color%3Ared%7Clabel%3A5%7C29.70278,-98.12417"
3830,538,546,8,"http://maps.google.com/maps/api/staticmap?size=500x500&sensor=false&maptype=road&markers=color%3Agreen%7Clabel%3A1%7C32.30944,-90.13889&markers=color%3Ared%7C36.15389,-95.9925&markers=color%3Agreen%7Clabel%3A2%7C32.30944,-90.13889&markers=color%3Ared%7Clabel%3A2%7C36.15389,-95.9925&markers=color%3Agreen%7Clabel%3A3%7C32.29861,-90.18472&markers=color%3Ared%7Clabel%3A3%7C36.15389,-95.9925&markers=color%3Agreen%7Clabel%3A4%7C32.29861,-90.18472&markers=color%3Ared%7Clabel%3A4%7C36.3125,-95.61583"
3834,265,266,1,"http://maps.google.com/maps/api/staticmap?size=500x500&sensor=false&maptype=road&markers=color%3Agreen%7Clabel%3A1%7C38.67222,-90.16972&markers=color%3Ared%7C37.14139,-94.06139&markers=color%3Agreen%7Clabel%3A2%7C38.67222,-90.16972&markers=color%3Ared%7Clabel%3A2%7C37.14139,-94.06139&markers=color%3Agreen%7Clabel%3A3%7C38.633,-90.25&markers=color%3Ared%7Clabel%3A3%7C37.21528,-93.29806&markers=color%3Agreen%7Clabel%3A4%7C38.633,-90.25&markers=color%3Ared%7Clabel%3A4%7C37.21528,-93.29806&markers=color%3Agreen%7Clabel%3A5%7C38.71306,-90.42972&markers=color%3Ared%7Clabel%3A5%7C37.21528,-93.29806"
3848,215,215,0,"http://maps.google.com/maps/api/staticmap?size=500x500&sensor=false&maptype=road&markers=color%3Agreen%7Clabel%3A1%7C38.633,-90.25&markers=color%3Ared%7C37.21528,-93.29806&markers=color%3Agreen%7Clabel%3A2%7C38.633,-90.25&markers=color%3Ared%7Clabel%3A2%7C37.21528,-93.29806&markers=color%3Agreen%7Clabel%3A3%7C38.633,-90.25&markers=color%3Ared%7Clabel%3A3%7C37.21528,-93.29806&markers=color%3Agreen%7Clabel%3A4%7C38.71306,-90.42972&markers=color%3Ared%7Clabel%3A4%7C37.21528,-93.29806&markers=color%3Agreen%7Clabel%3A5%7C38.67222,-90.16972&markers=color%3Ared%7Clabel%3A5%7C37.14139,-94.06139"
3854,323,317,-6,"http://maps.google.com/maps/api/staticmap?size=500x500&sensor=false&maptype=road&markers=color%3Agreen%7Clabel%3A1%7C31.93917,-92.59861&markers=color%3Ared%7C33.04611,-96.99389&markers=color%3Agreen%7Clabel%3A2%7C31.93917,-92.59861&markers=color%3Ared%7Clabel%3A2%7C33.04611,-96.99389&markers=color%3Agreen%7Clabel%3A3%7C31.93917,-92.59861&markers=color%3Ared%7Clabel%3A3%7C33.04611,-96.99389&markers=color%3Agreen%7Clabel%3A4%7C31.93917,-92.59861&markers=color%3Ared%7Clabel%3A4%7C32.86,-97.36361&markers=color%3Agreen%7Clabel%3A5%7C31.93917,-92.59861&markers=color%3Ared%7Clabel%3A5%7C32.86,-97.36361"
3877,634,643,9,"http://maps.google.com/maps/api/staticmap?size=500x500&sensor=false&maptype=road&markers=color%3Agreen%7Clabel%3A1%7C34.35306,-89.02306&markers=color%3Ared%7C29.76306,-95.36306&markers=color%3Agreen%7Clabel%3A2%7C34.35306,-89.02306&markers=color%3Ared%7Clabel%3A2%7C29.76306,-95.36306&markers=color%3Agreen%7Clabel%3A3%7C34.72972,-88.95056&markers=color%3Ared%7Clabel%3A3%7C29.76306,-95.36306&markers=color%3Agreen%7Clabel%3A4%7C34.6175,-89.96861&markers=color%3Ared%7Clabel%3A4%7C29.76306,-95.36306&markers=color%3Agreen%7Clabel%3A5%7C34.6175,-89.96861&markers=color%3Ared%7Clabel%3A5%7C29.76306,-95.36306"
3880,485,485,0,"http://maps.google.com/maps/api/staticmap?size=500x500&sensor=false&maptype=road&markers=color%3Agreen%7Clabel%3A1%7C35.615,-87.03528&markers=color%3Ared%7C35.383,-94.383&markers=color%3Agreen%7Clabel%3A2%7C35.615,-87.03528&markers=color%3Ared%7Clabel%3A2%7C35.383,-94.383"
3882,383,389,6,"http://maps.google.com/maps/api/staticmap?size=500x500&sensor=false&maptype=road&markers=color%3Agreen%7Clabel%3A1%7C39.12,-88.54333&markers=color%3Ared%7C35.25056,-91.73611&markers=color%3Agreen%7Clabel%3A2%7C39.12,-88.54333&markers=color%3Ared%7Clabel%3A2%7C35.25056,-91.73611&markers=color%3Agreen%7Clabel%3A3%7C39.12,-88.54333&markers=color%3Ared%7Clabel%3A3%7C35.25056,-91.73611"
3909,775,765,-10,"http://maps.google.com/maps/api/staticmap?size=500x500&sensor=false&maptype=road&markers=color%3Agreen%7Clabel%3A1%7C31.86028,-90.39583&markers=color%3Ared%7C27.50611,-99.50722&markers=color%3Agreen%7Clabel%3A2%7C31.86028,-90.39583&markers=color%3Ared%7Clabel%3A2%7C27.50611,-99.50722&markers=color%3Agreen%7Clabel%3A3%7C31.86028,-90.39583&markers=color%3Ared%7Clabel%3A3%7C27.50611,-99.50722&markers=color%3Agreen%7Clabel%3A4%7C32.29861,-90.18472&markers=color%3Ared%7Clabel%3A4%7C27.50611,-99.50722&markers=color%3Agreen%7Clabel%3A5%7C31.71139,-91.06056&markers=color%3Ared%7Clabel%3A5%7C27.50611,-99.50722"
3911,988,995,7,"http://maps.google.com/maps/api/staticmap?size=500x500&sensor=false&maptype=road&markers=color%3Agreen%7Clabel%3A1%7C34.81167,-88.19&markers=color%3Ared%7C28.70889,-100.49917&markers=color%3Agreen%7Clabel%3A2%7C34.81167,-88.19&markers=color%3Ared%7Clabel%3A2%7C28.70889,-100.49917&markers=color%3Agreen%7Clabel%3A3%7C34.81167,-88.19&markers=color%3Ared%7Clabel%3A3%7C28.70889,-100.49917"
3920,1073,1073,0,"http://maps.google.com/maps/api/staticmap?size=500x500&sensor=false&maptype=road&markers=color%3Agreen%7Clabel%3A1%7C29.65139,-82.325&markers=color%3Ared%7C29.42389,-98.49333&markers=color%3Agreen%7Clabel%3A2%7C29.65139,-82.325&markers=color%3Ared%7Clabel%3A2%7C29.42389,-98.49333"
3922,397,389,-8,"http://maps.google.com/maps/api/staticmap?size=500x500&sensor=false&maptype=road&markers=color%3Agreen%7Clabel%3A1%7C31.57889,-90.44056&markers=color%3Ared%7C30.31167,-95.45583&markers=color%3Agreen%7Clabel%3A2%7C31.57889,-90.44056&markers=color%3Ared%7Clabel%3A2%7C30.31167,-95.45583&markers=color%3Agreen%7Clabel%3A3%7C31.28361,-90.46833&markers=color%3Ared%7Clabel%3A3%7C30.07972,-95.41694&markers=color%3Agreen%7Clabel%3A4%7C31.28361,-90.46833&markers=color%3Ared%7Clabel%3A4%7C30.07972,-95.41694&markers=color%3Agreen%7Clabel%3A5%7C31.55361,-90.10722&markers=color%3Ared%7Clabel%3A5%7C29.76306,-95.36306"
3930,734,746,12,"http://maps.google.com/maps/api/staticmap?size=500x500&sensor=false&maptype=road&markers=color%3Agreen%7Clabel%3A1%7C34.02167,-86.08861&markers=color%3Ared%7C29.76306,-95.36306&markers=color%3Agreen%7Clabel%3A2%7C34.02167,-86.08861&markers=color%3Ared%7Clabel%3A2%7C29.76306,-95.36306&markers=color%3Agreen%7Clabel%3A3%7C33.95472,-86.04194&markers=color%3Ared%7Clabel%3A3%7C29.76306,-95.36306&markers=color%3Agreen%7Clabel%3A4%7C34.2675,-86.20889&markers=color%3Ared%7Clabel%3A4%7C29.76306,-95.36306&markers=color%3Agreen%7Clabel%3A5%7C34.02167,-86.08861&markers=color%3Ared%7Clabel%3A5%7C30.155,-95.21111"
3937,760,760,0,"http://maps.google.com/maps/api/staticmap?size=500x500&sensor=false&maptype=road&markers=color%3Agreen%7Clabel%3A1%7C32.36444,-89.47417&markers=color%3Ared%7C29.20944,-99.78583&markers=color%3Agreen%7Clabel%3A2%7C32.36444,-89.47417&markers=color%3Ared%7Clabel%3A2%7C29.20944,-99.78583&markers=color%3Agreen%7Clabel%3A3%7C32.36444,-89.47417&markers=color%3Ared%7Clabel%3A3%7C29.20944,-99.78583&markers=color%3Agreen%7Clabel%3A4%7C32.36444,-89.47417&markers=color%3Ared%7Clabel%3A4%7C29.20944,-99.78583&markers=color%3Agreen%7Clabel%3A5%7C32.36444,-89.47417&markers=color%3Ared%7Clabel%3A5%7C29.20944,-99.78583"
3945,643,654,11,"http://maps.google.com/maps/api/staticmap?size=500x500&sensor=false&maptype=road&markers=color%3Agreen%7Clabel%3A1%7C34.16944,-92.59083&markers=color%3Ared%7C35.22194,-101.83083&markers=color%3Agreen%7Clabel%3A2%7C34.16944,-92.59083&markers=color%3Ared%7Clabel%3A2%7C35.22194,-101.83083&markers=color%3Agreen%7Clabel%3A3%7C34.16944,-92.59083&markers=color%3Ared%7Clabel%3A3%7C35.22194,-101.83083&markers=color%3Agreen%7Clabel%3A4%7C34.16944,-92.59083&markers=color%3Ared%7Clabel%3A4%7C35.22194,-101.83083&markers=color%3Agreen%7Clabel%3A5%7C34.32667,-93.55056&markers=color%3Ared%7Clabel%3A5%7C34.53583,-101.75806"
3961,359,340,-19,"http://maps.google.com/maps/api/staticmap?size=500x500&sensor=false&maptype=road&markers=color%3Agreen%7Clabel%3A1%7C29.95444,-90.075&markers=color%3Ared%7C29.46056,-95.05111&markers=color%3Agreen%7Clabel%3A2%7C29.95444,-90.075&markers=color%3Ared%7Clabel%3A2%7C29.46056,-95.05111&markers=color%3Agreen%7Clabel%3A3%7C29.94028,-90.20306&markers=color%3Ared%7Clabel%3A3%7C29.76306,-95.36306&markers=color%3Agreen%7Clabel%3A4%7C30.04722,-90.68972&markers=color%3Ared%7Clabel%3A4%7C29.76306,-95.36306&markers=color%3Agreen%7Clabel%3A5%7C30.79083,-89.84861&markers=color%3Ared%7Clabel%3A5%7C29.76306,-95.36306"
3994,667,667,0,"http://maps.google.com/maps/api/staticmap?size=500x500&sensor=false&maptype=road&markers=color%3Agreen%7Clabel%3A1%7C33.52056,-86.8025&markers=color%3Ared%7C29.76306,-95.36306&markers=color%3Agreen%7Clabel%3A2%7C33.52056,-86.8025&markers=color%3Ared%7Clabel%3A2%7C29.76306,-95.36306&markers=color%3Agreen%7Clabel%3A3%7C33.52056,-86.8025&markers=color%3Ared%7Clabel%3A3%7C29.76306,-95.36306&markers=color%3Agreen%7Clabel%3A4%7C33.52056,-86.8025&markers=color%3Ared%7Clabel%3A4%7C29.76306,-95.36306&markers=color%3Agreen%7Clabel%3A5%7C33.52056,-86.8025&markers=color%3Ared%7Clabel%3A5%7C29.76306,-95.36306"
4015,1835,1833,-2,"http://maps.google.com/maps/api/staticmap?size=500x500&sensor=false&maptype=road&markers=color%3Agreen%7Clabel%3A1%7C35.92722,-89.91889&markers=color%3Ared%7C33.83528,-117.91361&markers=color%3Agreen%7Clabel%3A2%7C35.92722,-89.91889&markers=color%3Ared%7Clabel%3A2%7C33.83528,-117.91361&markers=color%3Agreen%7Clabel%3A3%7C35.92722,-89.91889&markers=color%3Ared%7Clabel%3A3%7C33.83528,-117.91361"
4029,505,486,-19,"http://maps.google.com/maps/api/staticmap?size=500x500&sensor=false&maptype=road&markers=color%3Agreen%7Clabel%3A1%7C36.37111,-91.8225&markers=color%3Ared%7C31.36139,-96.14389&markers=color%3Agreen%7Clabel%3A2%7C36.37111,-91.8225&markers=color%3Ared%7Clabel%3A2%7C31.36139,-96.14389&markers=color%3Agreen%7Clabel%3A3%7C36.62083,-90.82333&markers=color%3Ared%7Clabel%3A3%7C31.36139,-96.14389&markers=color%3Agreen%7Clabel%3A4%7C36.62083,-90.82333&markers=color%3Ared%7Clabel%3A4%7C31.36139,-96.14389"
4030,1834,1834,0,"http://maps.google.com/maps/api/staticmap?size=500x500&sensor=false&maptype=road&markers=color%3Agreen%7Clabel%3A1%7C35.61444,-88.81389&markers=color%3Ared%7C34.09222,-117.43417&markers=color%3Agreen%7Clabel%3A2%7C35.61444,-88.81389&markers=color%3Ared%7Clabel%3A2%7C34.09222,-117.43417"
4031,1757,1756,-1,"http://maps.google.com/maps/api/staticmap?size=500x500&sensor=false&maptype=road&markers=color%3Agreen%7Clabel%3A1%7C32.50917,-92.11917&markers=color%3Ared%7C35.67806,-119.22833&markers=color%3Agreen%7Clabel%3A2%7C32.50917,-92.11917&markers=color%3Ared%7Clabel%3A2%7C35.67806,-119.22833"
4032,2199,2199,0,"http://maps.google.com/maps/api/staticmap?size=500x500&sensor=false&maptype=road&markers=color%3Agreen%7Clabel%3A1%7C31.45028,-83.50861&markers=color%3Ared%7C32.71528,-117.15639&markers=color%3Agreen%7Clabel%3A2%7C31.45028,-83.50861&markers=color%3Ared%7Clabel%3A2%7C32.71528,-117.15639"
4033,249,249,0,"http://maps.google.com/maps/api/staticmap?size=500x500&sensor=false&maptype=road&markers=color%3Agreen%7Clabel%3A1%7C31.52556,-92.40694&markers=color%3Ared%7C32.52472,-95.63694&markers=color%3Agreen%7Clabel%3A2%7C31.52556,-92.40694&markers=color%3Ared%7Clabel%3A2%7C32.52472,-95.63694"
4034,1002,1002,0,"http://maps.google.com/maps/api/staticmap?size=500x500&sensor=false&maptype=road&markers=color%3Agreen%7Clabel%3A1%7C30.15861,-85.66028&markers=color%3Ared%7C27.50611,-99.50722&markers=color%3Agreen%7Clabel%3A2%7C30.15861,-85.66028&markers=color%3Ared%7Clabel%3A2%7C27.50611,-99.50722"
4035,431,419,-12,"http://maps.google.com/maps/api/staticmap?size=500x500&sensor=false&maptype=road&markers=color%3Agreen%7Clabel%3A1%7C31.32694,-89.29028&markers=color%3Ared%7C29.99861,-95.26194&markers=color%3Agreen%7Clabel%3A2%7C31.32694,-89.29028&markers=color%3Ared%7Clabel%3A2%7C29.99861,-95.26194&markers=color%3Agreen%7Clabel%3A3%7C30.79083,-89.84861&markers=color%3Ared%7Clabel%3A3%7C29.76306,-95.36306&markers=color%3Agreen%7Clabel%3A4%7C30.79083,-89.84861&markers=color%3Ared%7Clabel%3A4%7C29.76306,-95.36306&markers=color%3Agreen%7Clabel%3A5%7C31.55361,-90.10722&markers=color%3Ared%7Clabel%3A5%7C29.76306,-95.36306"
4038,954,953,-1,"http://maps.google.com/maps/api/staticmap?size=500x500&sensor=false&maptype=road&markers=color%3Agreen%7Clabel%3A1%7C34.96167,-89.82944&markers=color%3Ared%7C26.90694,-99.27111&markers=color%3Agreen%7Clabel%3A2%7C34.96167,-89.82944&markers=color%3Ared%7Clabel%3A2%7C26.90694,-99.27111"
4040,324,321,-3,"http://maps.google.com/maps/api/staticmap?size=500x500&sensor=false&maptype=road&markers=color%3Agreen%7Clabel%3A1%7C32.517,-92.133&markers=color%3Ared%7C29.99861,-95.26194&markers=color%3Agreen%7Clabel%3A2%7C32.517,-92.133&markers=color%3Ared%7Clabel%3A2%7C29.99861,-95.26194&markers=color%3Agreen%7Clabel%3A3%7C32.517,-92.133&markers=color%3Ared%7Clabel%3A3%7C29.99861,-95.26194&markers=color%3Agreen%7Clabel%3A4%7C32.517,-92.133&markers=color%3Ared%7Clabel%3A4%7C29.99861,-95.26194&markers=color%3Agreen%7Clabel%3A5%7C32.517,-92.133&markers=color%3Ared%7Clabel%3A5%7C29.76306,-95.36306"
4044,430,430,0,"http://maps.google.com/maps/api/staticmap?size=500x500&sensor=false&maptype=road&markers=color%3Agreen%7Clabel%3A1%7C31.97889,-89.28722&markers=color%3Ared%7C29.82,-94.38389&markers=color%3Agreen%7Clabel%3A2%7C31.97889,-89.28722&markers=color%3Ared%7Clabel%3A2%7C29.82,-94.38389&markers=color%3Agreen%7Clabel%3A3%7C31.97889,-89.28722&markers=color%3Ared%7Clabel%3A3%7C29.82,-94.38389&markers=color%3Agreen%7Clabel%3A4%7C31.97889,-89.28722&markers=color%3Ared%7Clabel%3A4%7C29.82,-94.38389&markers=color%3Agreen%7Clabel%3A5%7C31.97889,-89.28722&markers=color%3Ared%7Clabel%3A5%7C29.82,-94.38389"
4055,425,428,3,"http://maps.google.com/maps/api/staticmap?size=500x500&sensor=false&maptype=road&markers=color%3Agreen%7Clabel%3A1%7C31.97889,-89.28722&markers=color%3Ared%7C31.62024,-95.51982&markers=color%3Agreen%7Clabel%3A2%7C31.97889,-89.28722&markers=color%3Ared%7Clabel%3A2%7C31.62024,-95.51982&markers=color%3Agreen%7Clabel%3A3%7C31.97889,-89.28722&markers=color%3Ared%7Clabel%3A3%7C31.62024,-95.51982&markers=color%3Agreen%7Clabel%3A4%7C31.97889,-89.28722&markers=color%3Ared%7Clabel%3A4%7C31.62024,-95.51982&markers=color%3Agreen%7Clabel%3A5%7C31.605,-89.99833&markers=color%3Ared%7Clabel%3A5%7C30.99667,-94.82694"
4064,1798,1798,0,"http://maps.google.com/maps/api/staticmap?size=500x500&sensor=false&maptype=road&markers=color%3Agreen%7Clabel%3A1%7C32.27444,-90.13194&markers=color%3Ared%7C34.09222,-117.43417&markers=color%3Agreen%7Clabel%3A2%7C32.27444,-90.13194&markers=color%3Ared%7Clabel%3A2%7C34.09222,-117.43417&markers=color%3Agreen%7Clabel%3A3%7C32.27444,-90.13194&markers=color%3Ared%7Clabel%3A3%7C34.09222,-117.43417&markers=color%3Agreen%7Clabel%3A4%7C32.27444,-90.13194&markers=color%3Ared%7Clabel%3A4%7C34.09222,-117.43417"
4071,820,819,-1,"http://maps.google.com/maps/api/staticmap?size=500x500&sensor=false&maptype=road&markers=color%3Agreen%7Clabel%3A1%7C38.81139,-89.95306&markers=color%3Ared%7C31.09806,-97.3425&markers=color%3Agreen%7Clabel%3A2%7C38.81139,-89.95306&markers=color%3Ared%7Clabel%3A2%7C31.09806,-97.3425"
4080,388,384,-4,"http://maps.google.com/maps/api/staticmap?size=500x500&sensor=false&maptype=road&markers=color%3Agreen%7Clabel%3A1%7C31.28361,-90.46833&markers=color%3Ared%7C30.07972,-95.41694&markers=color%3Agreen%7Clabel%3A2%7C31.28361,-90.46833&markers=color%3Ared%7Clabel%3A2%7C30.07972,-95.41694&markers=color%3Agreen%7Clabel%3A3%7C31.28361,-90.46833&markers=color%3Ared%7Clabel%3A3%7C30.07972,-95.41694&markers=color%3Agreen%7Clabel%3A4%7C31.57889,-90.44056&markers=color%3Ared%7Clabel%3A4%7C30.31167,-95.45583&markers=color%3Agreen%7Clabel%3A5%7C31.55361,-90.10722&markers=color%3Ared%7Clabel%3A5%7C29.76306,-95.36306"
4084,532,524,-8,"http://maps.google.com/maps/api/staticmap?size=500x500&sensor=false&maptype=road&markers=color%3Agreen%7Clabel%3A1%7C31.69389,-89.13056&markers=color%3Ared%7C32.79944,-97.26889&markers=color%3Agreen%7Clabel%3A2%7C31.69389,-89.13056&markers=color%3Ared%7Clabel%3A2%7C32.79944,-97.26889&markers=color%3Agreen%7Clabel%3A3%7C31.69389,-89.13056&markers=color%3Ared%7Clabel%3A3%7C32.79944,-97.26889&markers=color%3Agreen%7Clabel%3A4%7C31.97889,-89.28722&markers=color%3Ared%7Clabel%3A4%7C32.72528,-97.32056&markers=color%3Agreen%7Clabel%3A5%7C31.67472,-88.64611&markers=color%3Ared%7Clabel%3A5%7C32.72528,-97.32056"
4097,668,667,-1,"http://maps.google.com/maps/api/staticmap?size=500x500&sensor=false&maptype=road&markers=color%3Agreen%7Clabel%3A1%7C33.53389,-86.79917&markers=color%3Ared%7C29.76306,-95.36306&markers=color%3Agreen%7Clabel%3A2%7C33.53389,-86.79917&markers=color%3Ared%7Clabel%3A2%7C29.76306,-95.36306&markers=color%3Agreen%7Clabel%3A3%7C33.52056,-86.8025&markers=color%3Ared%7Clabel%3A3%7C29.76306,-95.36306&markers=color%3Agreen%7Clabel%3A4%7C33.52056,-86.8025&markers=color%3Ared%7Clabel%3A4%7C29.76306,-95.36306&markers=color%3Agreen%7Clabel%3A5%7C33.52056,-86.8025&markers=color%3Ared%7Clabel%3A5%7C29.76306,-95.36306"
4112,2815,2808,-7,"http://maps.google.com/maps/api/staticmap?size=500x500&sensor=false&maptype=road&markers=color%3Agreen%7Clabel%3A1%7C35.95556,-80.00556&markers=color%3Ared%7C47.25306,-122.44306&markers=color%3Agreen%7Clabel%3A2%7C35.95556,-80.00556&markers=color%3Ared%7Clabel%3A2%7C47.25306,-122.44306&markers=color%3Agreen%7Clabel%3A3%7C35.95556,-80.00556&markers=color%3Ared%7Clabel%3A3%7C47.25306,-122.44306"
4119,2116,2125,9,"http://maps.google.com/maps/api/staticmap?size=500x500&sensor=false&maptype=road&markers=color%3Agreen%7Clabel%3A1%7C38.633,-90.25&markers=color%3Ared%7C47.60639,-122.33083&markers=color%3Agreen%7Clabel%3A2%7C38.633,-90.25&markers=color%3Ared%7Clabel%3A2%7C47.60639,-122.33083&markers=color%3Agreen%7Clabel%3A3%7C38.633,-90.25&markers=color%3Ared%7Clabel%3A3%7C47.25306,-122.44306&markers=color%3Agreen%7Clabel%3A4%7C38.633,-90.25&markers=color%3Ared%7Clabel%3A4%7C47.25306,-122.44306"
4123,3225,3225,0,"http://maps.google.com/maps/api/staticmap?size=500x500&sensor=false&maptype=road&markers=color%3Agreen%7Clabel%3A1%7C28.53806,-81.37944&markers=color%3Ared%7C49.05,-122.283&markers=color%3Agreen%7Clabel%3A2%7C28.53806,-81.37944&markers=color%3Ared%7Clabel%3A2%7C49.05,-122.283"
4132,1045,1044,-1,"http://maps.google.com/maps/api/staticmap?size=500x500&sensor=false&maptype=road&markers=color%3Agreen%7Clabel%3A1%7C30.95972,-83.73806&markers=color%3Ared%7C40.85,-73.86667&markers=color%3Agreen%7Clabel%3A2%7C30.95972,-83.73806&markers=color%3Ared%7Clabel%3A2%7C40.85,-73.86667&markers=color%3Agreen%7Clabel%3A3%7C30.95972,-83.73806&markers=color%3Ared%7Clabel%3A3%7C40.7,-74.0&markers=color%3Agreen%7Clabel%3A4%7C31.17972,-83.78917&markers=color%3Ared%7Clabel%3A4%7C40.85,-73.86667&markers=color%3Agreen%7Clabel%3A5%7C31.17972,-83.78917&markers=color%3Ared%7Clabel%3A5%7C40.7,-74.0"
4141,990,990,0,"http://maps.google.com/maps/api/staticmap?size=500x500&sensor=false&maptype=road&markers=color%3Agreen%7Clabel%3A1%7C29.18694,-82.14028&markers=color%3Ared%7C41.2375,-80.81861&markers=color%3Agreen%7Clabel%3A2%7C29.18694,-82.14028&markers=color%3Ared%7Clabel%3A2%7C41.2375,-80.81861"
4144,1020,1020,0,"http://maps.google.com/maps/api/staticmap?size=500x500&sensor=false&maptype=road&markers=color%3Agreen%7Clabel%3A1%7C32.43139,-80.67&markers=color%3Ared%7C42.72611,-71.19139&markers=color%3Agreen%7Clabel%3A2%7C32.43139,-80.67&markers=color%3Ared%7Clabel%3A2%7C42.72611,-71.19139"
4145,719,723,4,"http://maps.google.com/maps/api/staticmap?size=500x500&sensor=false&maptype=road&markers=color%3Agreen%7Clabel%3A1%7C33.46667,-82.01667&markers=color%3Ared%7C40.11944,-74.80583&markers=color%3Agreen%7Clabel%3A2%7C33.46667,-82.01667&markers=color%3Ared%7Clabel%3A2%7C40.11944,-74.80583&markers=color%3Agreen%7Clabel%3A3%7C33.46667,-82.01667&markers=color%3Ared%7Clabel%3A3%7C40.11944,-74.80583&markers=color%3Agreen%7Clabel%3A4%7C33.46667,-82.01667&markers=color%3Ared%7Clabel%3A4%7C39.57167,-75.4675&markers=color%3Agreen%7Clabel%3A5%7C33.00778,-81.30861&markers=color%3Ared%7Clabel%3A5%7C40.183,-74.833"
4171,642,648,6,"http://maps.google.com/maps/api/staticmap?size=500x500&sensor=false&maptype=road&markers=color%3Agreen%7Clabel%3A1%7C33.65333,-84.44944&markers=color%3Ared%7C38.80472,-77.04722&markers=color%3Agreen%7Clabel%3A2%7C33.65333,-84.44944&markers=color%3Ared%7Clabel%3A2%7C38.80472,-77.04722&markers=color%3Agreen%7Clabel%3A3%7C33.667,-84.433&markers=color%3Ared%7Clabel%3A3%7C38.80472,-77.04722&markers=color%3Agreen%7Clabel%3A4%7C33.667,-84.433&markers=color%3Ared%7Clabel%3A4%7C38.917,-76.983&markers=color%3Agreen%7Clabel%3A5%7C33.44722,-84.14694&markers=color%3Ared%7Clabel%3A5%7C38.80472,-77.04722"
4175,688,690,2,"http://maps.google.com/maps/api/staticmap?size=500x500&sensor=false&maptype=road&markers=color%3Agreen%7Clabel%3A1%7C33.44722,-84.14694&markers=color%3Ared%7C39.29028,-76.6125&markers=color%3Agreen%7Clabel%3A2%7C33.44722,-84.14694&markers=color%3Ared%7Clabel%3A2%7C39.29028,-76.6125&markers=color%3Agreen%7Clabel%3A3%7C33.65333,-84.44944&markers=color%3Ared%7Clabel%3A3%7C39.29028,-76.6125&markers=color%3Agreen%7Clabel%3A4%7C33.74889,-84.38806&markers=color%3Ared%7Clabel%3A4%7C39.29028,-76.6125&markers=color%3Agreen%7Clabel%3A5%7C33.74889,-84.38806&markers=color%3Ared%7Clabel%3A5%7C39.29028,-76.6125"
4178,734,739,5,"http://maps.google.com/maps/api/staticmap?size=500x500&sensor=false&maptype=road&markers=color%3Agreen%7Clabel%3A1%7C33.06152,-84.89071&markers=color%3Ared%7C39.29028,-76.6125&markers=color%3Agreen%7Clabel%3A2%7C33.06152,-84.89071&markers=color%3Ared%7Clabel%3A2%7C39.29028,-76.6125&markers=color%3Agreen%7Clabel%3A3%7C33.06152,-84.89071&markers=color%3Ared%7Clabel%3A3%7C38.917,-76.983&markers=color%3Agreen%7Clabel%3A4%7C33.06152,-84.89071&markers=color%3Ared%7Clabel%3A4%7C39.9625,-76.72806&markers=color%3Agreen%7Clabel%3A5%7C33.65333,-84.44944&markers=color%3Ared%7Clabel%3A5%7C39.29028,-76.6125"
4184,541,542,1,"http://maps.google.com/maps/api/staticmap?size=500x500&sensor=false&maptype=road&markers=color%3Agreen%7Clabel%3A1%7C33.65333,-84.44944&markers=color%3Ared%7C37.55361,-77.46056&markers=color%3Agreen%7Clabel%3A2%7C33.65333,-84.44944&markers=color%3Ared%7Clabel%3A2%7C37.55361,-77.46056&markers=color%3Agreen%7Clabel%3A3%7C33.74889,-84.38806&markers=color%3Ared%7Clabel%3A3%7C37.55361,-77.46056&markers=color%3Agreen%7Clabel%3A4%7C33.74889,-84.38806&markers=color%3Ared%7Clabel%3A4%7C37.55361,-77.46056&markers=color%3Agreen%7Clabel%3A5%7C34.12056,-84.00444&markers=color%3Ared%7Clabel%3A5%7C37.55361,-77.46056"
4194,714,707,-7,"http://maps.google.com/maps/api/staticmap?size=500x500&sensor=false&maptype=road&markers=color%3Agreen%7Clabel%3A1%7C33.06152,-84.89071&markers=color%3Ared%7C38.917,-76.983&markers=color%3Agreen%7Clabel%3A2%7C33.06152,-84.89071&markers=color%3Ared%7Clabel%3A2%7C38.917,-76.983&markers=color%3Agreen%7Clabel%3A3%7C33.06152,-84.89071&markers=color%3Ared%7Clabel%3A3%7C39.29028,-76.6125&markers=color%3Agreen%7Clabel%3A4%7C33.667,-84.433&markers=color%3Ared%7Clabel%3A4%7C38.917,-76.983&markers=color%3Agreen%7Clabel%3A5%7C33.65333,-84.44944&markers=color%3Ared%7Clabel%3A5%7C38.80472,-77.04722"
4202,874,812,-62,"http://maps.google.com/maps/api/staticmap?size=500x500&sensor=false&maptype=road&markers=color%3Agreen%7Clabel%3A1%7C31.45028,-83.50861&markers=color%3Ared%7C38.7125,-75.91028&markers=color%3Agreen%7Clabel%3A2%7C31.45028,-83.50861&markers=color%3Ared%7Clabel%3A2%7C38.7125,-75.91028&markers=color%3Agreen%7Clabel%3A3%7C31.17972,-83.78917&markers=color%3Ared%7Clabel%3A3%7C39.29028,-76.6125&markers=color%3Agreen%7Clabel%3A4%7C31.95083,-83.45639&markers=color%3Ared%7Clabel%3A4%7C39.14917,-76.77556&markers=color%3Agreen%7Clabel%3A5%7C31.95083,-83.45639&markers=color%3Ared%7Clabel%3A5%7C39.14917,-76.77556"
4222,768,777,9,"http://maps.google.com/maps/api/staticmap?size=500x500&sensor=false&maptype=road&markers=color%3Agreen%7Clabel%3A1%7C31.105,-87.07222&markers=color%3Ared%7C40.23639,-83.36722&markers=color%3Agreen%7Clabel%3A2%7C31.105,-87.07222&markers=color%3Ared%7Clabel%3A2%7C40.23639,-83.36722&markers=color%3Agreen%7Clabel%3A3%7C31.105,-87.07222&markers=color%3Ared%7Clabel%3A3%7C40.23639,-83.36722&markers=color%3Agreen%7Clabel%3A4%7C30.467,-86.567&markers=color%3Ared%7Clabel%3A4%7C39.96111,-82.99889&markers=color%3Agreen%7Clabel%3A5%7C31.78833,-87.72722&markers=color%3Ared%7Clabel%3A5%7C39.80917,-82.9725"
4228,860,801,-59,"http://maps.google.com/maps/api/staticmap?size=500x500&sensor=false&maptype=road&markers=color%3Agreen%7Clabel%3A1%7C29.61306,-82.81778&markers=color%3Ared%7C39.29028,-76.6125&markers=color%3Agreen%7Clabel%3A2%7C29.61306,-82.81778&markers=color%3Ared%7Clabel%3A2%7C39.29028,-76.6125&markers=color%3Agreen%7Clabel%3A3%7C29.61306,-82.81778&markers=color%3Ared%7Clabel%3A3%7C39.21972,-77.74472"
4246,1230,1231,1,"http://maps.google.com/maps/api/staticmap?size=500x500&sensor=false&maptype=road&markers=color%3Agreen%7Clabel%3A1%7C29.75139,-82.425&markers=color%3Ared%7C42.15833,-71.14528&markers=color%3Agreen%7Clabel%3A2%7C29.75139,-82.425&markers=color%3Ared%7Clabel%3A2%7C42.15833,-71.14528&markers=color%3Agreen%7Clabel%3A3%7C29.65139,-82.325&markers=color%3Ared%7Clabel%3A3%7C42.15833,-71.14528&markers=color%3Agreen%7Clabel%3A4%7C29.65139,-82.325&markers=color%3Ared%7Clabel%3A4%7C42.35833,-71.06028&markers=color%3Agreen%7Clabel%3A5%7C30.33194,-81.65583&markers=color%3Ared%7Clabel%3A5%7C42.35833,-71.06028"
4250,363,368,5,"http://maps.google.com/maps/api/staticmap?size=500x500&sensor=false&maptype=road&markers=color%3Agreen%7Clabel%3A1%7C30.33194,-81.65583&markers=color%3Ared%7C33.8125,-84.63444&markers=color%3Agreen%7Clabel%3A2%7C30.33194,-81.65583&markers=color%3Ared%7Clabel%3A2%7C33.8125,-84.63444&markers=color%3Agreen%7Clabel%3A3%7C30.33194,-81.65583&markers=color%3Ared%7Clabel%3A3%7C33.74889,-84.38806&markers=color%3Agreen%7Clabel%3A4%7C30.33194,-81.65583&markers=color%3Ared%7Clabel%3A4%7C33.65333,-84.44944&markers=color%3Agreen%7Clabel%3A5%7C30.33194,-81.65583&markers=color%3Ared%7Clabel%3A5%7C33.95611,-83.98806"
4290,71,79,8,"http://maps.google.com/maps/api/staticmap?size=500x500&sensor=false&maptype=road&markers=color%3Agreen%7Clabel%3A1%7C33.917,-82.283&markers=color%3Ared%7C34.73944,-82.03722&markers=color%3Agreen%7Clabel%3A2%7C33.917,-82.283&markers=color%3Ared%7Clabel%3A2%7C34.73944,-82.03722&markers=color%3Agreen%7Clabel%3A3%7C34.20917,-81.53333&markers=color%3Ared%7Clabel%3A3%7C35.245,-81.34139"
4296,1109,1109,0,"http://maps.google.com/maps/api/staticmap?size=500x500&sensor=false&maptype=road&markers=color%3Agreen%7Clabel%3A1%7C27.94722,-82.45861&markers=color%3Ared%7C41.39306,-81.53667&markers=color%3Agreen%7Clabel%3A2%7C27.94722,-82.45861&markers=color%3Ared%7Clabel%3A2%7C41.39306,-81.53667"
4298,661,663,2,"http://maps.google.com/maps/api/staticmap?size=500x500&sensor=false&maptype=road&markers=color%3Agreen%7Clabel%3A1%7C34.29972,-79.87639&markers=color%3Ared%7C40.85833,-74.16417&markers=color%3Agreen%7Clabel%3A2%7C34.29972,-79.87639&markers=color%3Ared%7Clabel%3A2%7C40.85833,-74.16417&markers=color%3Agreen%7Clabel%3A3%7C34.29972,-79.87639&markers=color%3Ared%7Clabel%3A3%7C40.85833,-74.16417&markers=color%3Agreen%7Clabel%3A4%7C34.735,-79.34917&markers=color%3Ared%7Clabel%3A4%7C40.85,-73.86667&markers=color%3Agreen%7Clabel%3A5%7C34.72028,-80.77111&markers=color%3Ared%7Clabel%3A5%7C40.73222,-74.23528"
4333,369,369,0,"http://maps.google.com/maps/api/staticmap?size=500x500&sensor=false&maptype=road&markers=color%3Agreen%7Clabel%3A1%7C29.18694,-82.14028&markers=color%3Ared%7C33.74889,-84.38806&markers=color%3Agreen%7Clabel%3A2%7C29.18694,-82.14028&markers=color%3Ared%7Clabel%3A2%7C33.74889,-84.38806&markers=color%3Agreen%7Clabel%3A3%7C29.18694,-82.14028&markers=color%3Ared%7Clabel%3A3%7C33.74889,-84.38806&markers=color%3Agreen%7Clabel%3A4%7C29.18694,-82.14028&markers=color%3Ared%7Clabel%3A4%7C33.74889,-84.38806&markers=color%3Agreen%7Clabel%3A5%7C29.18694,-82.14028&markers=color%3Ared%7Clabel%3A5%7C33.74889,-84.38806"
4338,185,195,10,"http://maps.google.com/maps/api/staticmap?size=500x500&sensor=false&maptype=road&markers=color%3Agreen%7Clabel%3A1%7C32.95889,-81.23667&markers=color%3Ared%7C35.41056,-80.84306&markers=color%3Agreen%7Clabel%3A2%7C32.95889,-81.23667&markers=color%3Ared%7Clabel%3A2%7C35.41056,-80.84306&markers=color%3Agreen%7Clabel%3A3%7C32.95889,-81.23667&markers=color%3Ared%7Clabel%3A3%7C35.22694,-80.84333&markers=color%3Agreen%7Clabel%3A4%7C33.01833,-80.17583&markers=color%3Ared%7Clabel%3A4%7C36.14583,-81.16083&markers=color%3Agreen%7Clabel%3A5%7C33.01833,-80.17583&markers=color%3Ared%7Clabel%3A5%7C36.14583,-81.16083"
4339,369,369,0,"http://maps.google.com/maps/api/staticmap?size=500x500&sensor=false&maptype=road&markers=color%3Agreen%7Clabel%3A1%7C29.18694,-82.14028&markers=color%3Ared%7C33.74889,-84.38806&markers=color%3Agreen%7Clabel%3A2%7C29.18694,-82.14028&markers=color%3Ared%7Clabel%3A2%7C33.74889,-84.38806&markers=color%3Agreen%7Clabel%3A3%7C29.18694,-82.14028&markers=color%3Ared%7Clabel%3A3%7C33.74889,-84.38806&markers=color%3Agreen%7Clabel%3A4%7C29.18694,-82.14028&markers=color%3Ared%7Clabel%3A4%7C33.74889,-84.38806&markers=color%3Agreen%7Clabel%3A5%7C29.18694,-82.14028&markers=color%3Ared%7Clabel%3A5%7C33.74889,-84.38806"
4347,853,853,0,"http://maps.google.com/maps/api/staticmap?size=500x500&sensor=false&maptype=road&markers=color%3Agreen%7Clabel%3A1%7C27.49861,-82.575&markers=color%3Ared%7C33.45083,-90.655&markers=color%3Agreen%7Clabel%3A2%7C27.49861,-82.575&markers=color%3Ared%7Clabel%3A2%7C33.45083,-90.655"
4359,306,299,-7,"http://maps.google.com/maps/api/staticmap?size=500x500&sensor=false&maptype=road&markers=color%3Agreen%7Clabel%3A1%7C32.14889,-81.16333&markers=color%3Ared%7C33.74444,-85.28806&markers=color%3Agreen%7Clabel%3A2%7C32.14889,-81.16333&markers=color%3Ared%7Clabel%3A2%7C33.74444,-85.28806&markers=color%3Agreen%7Clabel%3A3%7C32.08333,-81.1&markers=color%3Ared%7Clabel%3A3%7C33.74444,-85.28806&markers=color%3Agreen%7Clabel%3A4%7C32.08333,-81.1&markers=color%3Ared%7Clabel%3A4%7C33.74889,-84.38806"
4364,139,139,0,"http://maps.google.com/maps/api/staticmap?size=500x500&sensor=false&maptype=road&markers=color%3Agreen%7Clabel%3A1%7C32.08333,-81.1&markers=color%3Ared%7C30.33194,-81.65583&markers=color%3Agreen%7Clabel%3A2%7C32.08333,-81.1&markers=color%3Ared%7Clabel%3A2%7C30.33194,-81.65583"
4366,646,640,-6,"http://maps.google.com/maps/api/staticmap?size=500x500&sensor=false&maptype=road&markers=color%3Agreen%7Clabel%3A1%7C32.47083,-85.00083&markers=color%3Ared%7C39.76833,-86.15806&markers=color%3Agreen%7Clabel%3A2%7C32.47083,-85.00083&markers=color%3Ared%7Clabel%3A2%7C39.76833,-86.15806&markers=color%3Agreen%7Clabel%3A3%7C32.47083,-85.00083&markers=color%3Ared%7Clabel%3A3%7C39.76833,-86.15806&markers=color%3Agreen%7Clabel%3A4%7C32.47083,-85.00083&markers=color%3Ared%7Clabel%3A4%7C39.76833,-86.15806&markers=color%3Agreen%7Clabel%3A5%7C32.47083,-85.00083&markers=color%3Ared%7Clabel%3A5%7C39.76833,-86.15806"
4414,807,807,0,"http://maps.google.com/maps/api/staticmap?size=500x500&sensor=false&maptype=road&markers=color%3Agreen%7Clabel%3A1%7C33.81778,-79.44944&markers=color%3Ared%7C41.68194,-85.97667&markers=color%3Agreen%7Clabel%3A2%7C33.81778,-79.44944&markers=color%3Ared%7Clabel%3A2%7C41.68194,-85.97667"
4420,1378,1378,0,"http://maps.google.com/maps/api/staticmap?size=500x500&sensor=false&maptype=road&markers=color%3Agreen%7Clabel%3A1%7C25.98694,-80.2325&markers=color%3Ared%7C41.40389,-88.11167&markers=color%3Agreen%7Clabel%3A2%7C25.98694,-80.2325&markers=color%3Ared%7Clabel%3A2%7C41.40389,-88.11167"
4430,862,872,10,"http://maps.google.com/maps/api/staticmap?size=500x500&sensor=false&maptype=road&markers=color%3Agreen%7Clabel%3A1%7C31.96333,-83.7825&markers=color%3Ared%7C40.92972,-89.7575&markers=color%3Agreen%7Clabel%3A2%7C31.96333,-83.7825&markers=color%3Ared%7Clabel%3A2%7C40.92972,-89.7575&markers=color%3Agreen%7Clabel%3A3%7C31.96333,-83.7825&markers=color%3Ared%7Clabel%3A3%7C40.25944,-89.23333&markers=color%3Agreen%7Clabel%3A4%7C31.96333,-83.7825&markers=color%3Ared%7Clabel%3A4%7C40.25944,-89.23333"
4455,99,99,0,"http://maps.google.com/maps/api/staticmap?size=500x500&sensor=false&maptype=road&markers=color%3Agreen%7Clabel%3A1%7C37.8,-76.983&markers=color%3Ared%7C37.17306,-78.12361&markers=color%3Agreen%7Clabel%3A2%7C37.8,-76.983&markers=color%3Ared%7Clabel%3A2%7C37.17306,-78.12361"
4468,834,825,-9,"http://maps.google.com/maps/api/staticmap?size=500x500&sensor=false&maptype=road&markers=color%3Agreen%7Clabel%3A1%7C36.64833,-87.16639&markers=color%3Ared%7C40.60833,-75.49056&markers=color%3Agreen%7Clabel%3A2%7C36.64833,-87.16639&markers=color%3Ared%7Clabel%3A2%7C40.60833,-75.49056&markers=color%3Agreen%7Clabel%3A3%7C36.07694,-87.38778&markers=color%3Ared%7Clabel%3A3%7C40.33556,-75.92722&markers=color%3Agreen%7Clabel%3A4%7C36.01556,-86.58194&markers=color%3Ared%7Clabel%3A4%7C40.33556,-75.92722"
4477,258,241,-17,"http://maps.google.com/maps/api/staticmap?size=500x500&sensor=false&maptype=road&markers=color%3Agreen%7Clabel%3A1%7C37.95083,-78.24667&markers=color%3Ared%7C40.70694,-77.31472&markers=color%3Agreen%7Clabel%3A2%7C37.95083,-78.24667&markers=color%3Ared%7Clabel%3A2%7C40.70694,-77.31472&markers=color%3Agreen%7Clabel%3A3%7C37.55361,-77.46056&markers=color%3Ared%7Clabel%3A3%7C40.27361,-76.88472&markers=color%3Agreen%7Clabel%3A4%7C37.08028,-77.9975&markers=color%3Ared%7Clabel%3A4%7C40.27361,-76.88472&markers=color%3Agreen%7Clabel%3A5%7C37.08028,-77.9975&markers=color%3Ared%7Clabel%3A5%7C40.27361,-76.88472"
4492,727,727,0,"http://maps.google.com/maps/api/staticmap?size=500x500&sensor=false&maptype=road&markers=color%3Agreen%7Clabel%3A1%7C37.88306,-87.04944&markers=color%3Ared%7C39.29028,-76.6125&markers=color%3Agreen%7Clabel%3A2%7C37.88306,-87.04944&markers=color%3Ared%7Clabel%3A2%7C39.29028,-76.6125"
4493,495,488,-7,"http://maps.google.com/maps/api/staticmap?size=500x500&sensor=false&maptype=road&markers=color%3Agreen%7Clabel%3A1%7C41.76278,-87.8&markers=color%3Ared%7C40.17333,-79.85778&markers=color%3Agreen%7Clabel%3A2%7C41.76278,-87.8&markers=color%3Ared%7Clabel%3A2%7C40.17333,-79.85778&markers=color%3Agreen%7Clabel%3A3%7C41.76278,-87.8&markers=color%3Ared%7Clabel%3A3%7C40.17333,-79.85778&markers=color%3Agreen%7Clabel%3A4%7C41.61556,-87.52944&markers=color%3Ared%7Clabel%3A4%7C40.29222,-79.88194&markers=color%3Agreen%7Clabel%3A5%7C41.85,-87.65&markers=color%3Ared%7Clabel%3A5%7C40.44056,-79.99611"
4494,407,397,-10,"http://maps.google.com/maps/api/staticmap?size=500x500&sensor=false&maptype=road&markers=color%3Agreen%7Clabel%3A1%7C41.49944,-81.69556&markers=color%3Ared%7C39.50944,-76.16444&markers=color%3Agreen%7Clabel%3A2%7C41.49944,-81.69556&markers=color%3Ared%7Clabel%3A2%7C39.50944,-76.16444&markers=color%3Agreen%7Clabel%3A3%7C41.49944,-81.69556&markers=color%3Ared%7Clabel%3A3%7C39.29028,-76.6125&markers=color%3Agreen%7Clabel%3A4%7C41.23917,-81.34611&markers=color%3Ared%7Clabel%3A4%7C39.29028,-76.6125&markers=color%3Agreen%7Clabel%3A5%7C41.08139,-81.51917&markers=color%3Ared%7Clabel%3A5%7C39.9625,-76.72806"
4505,491,503,12,"http://maps.google.com/maps/api/staticmap?size=500x500&sensor=false&maptype=road&markers=color%3Agreen%7Clabel%3A1%7C40.41667,-86.87528&markers=color%3Ared%7C36.79111,-81.77139&markers=color%3Agreen%7Clabel%3A2%7C40.41667,-86.87528&markers=color%3Ared%7Clabel%3A2%7C36.79111,-81.77139&markers=color%3Agreen%7Clabel%3A3%7C40.41667,-86.87528&markers=color%3Ared%7Clabel%3A3%7C36.86722,-81.42361&markers=color%3Agreen%7Clabel%3A4%7C39.64444,-86.86472&markers=color%3Ared%7Clabel%3A4%7C36.90083,-82.08028&markers=color%3Agreen%7Clabel%3A5%7C39.64444,-86.86472&markers=color%3Ared%7Clabel%3A5%7C36.90083,-82.08028"
4513,546,537,-9,"http://maps.google.com/maps/api/staticmap?size=500x500&sensor=false&maptype=road&markers=color%3Agreen%7Clabel%3A1%7C42.0,-88.0&markers=color%3Ared%7C43.65,-79.383&markers=color%3Agreen%7Clabel%3A2%7C42.0,-88.0&markers=color%3Ared%7Clabel%3A2%7C43.65,-79.383&markers=color%3Agreen%7Clabel%3A3%7C41.955,-87.94&markers=color%3Ared%7Clabel%3A3%7C43.583,-79.65&markers=color%3Agreen%7Clabel%3A4%7C41.85,-87.65&markers=color%3Ared%7Clabel%3A4%7C43.65,-79.383&markers=color%3Agreen%7Clabel%3A5%7C41.78583,-88.14722&markers=color%3Ared%7Clabel%3A5%7C43.583,-79.65"
4516,670,684,14,"http://maps.google.com/maps/api/staticmap?size=500x500&sensor=false&maptype=road&markers=color%3Agreen%7Clabel%3A1%7C41.34361,-86.30972&markers=color%3Ared%7C40.44167,-75.34194&markers=color%3Agreen%7Clabel%3A2%7C41.34361,-86.30972&markers=color%3Ared%7Clabel%3A2%7C40.44167,-75.34194&markers=color%3Agreen%7Clabel%3A3%7C41.34361,-86.30972&markers=color%3Ared%7Clabel%3A3%7C39.95222,-75.16417&markers=color%3Agreen%7Clabel%3A4%7C41.15722,-85.48833&markers=color%3Ared%7Clabel%3A4%7C40.21694,-74.74333&markers=color%3Agreen%7Clabel%3A5%7C41.15722,-85.48833&markers=color%3Ared%7Clabel%3A5%7C40.21694,-74.74333"
4522,336,324,-12,"http://maps.google.com/maps/api/staticmap?size=500x500&sensor=false&maptype=road&markers=color%3Agreen%7Clabel%3A1%7C40.01778,-79.58972&markers=color%3Ared%7C43.09861,-77.44222&markers=color%3Agreen%7Clabel%3A2%7C40.01778,-79.58972&markers=color%3Ared%7Clabel%3A2%7C43.09861,-77.44222&markers=color%3Agreen%7Clabel%3A3%7C40.41889,-80.58972&markers=color%3Ared%7Clabel%3A3%7C43.08417,-76.86972&markers=color%3Agreen%7Clabel%3A4%7C40.41889,-80.58972&markers=color%3Ared%7Clabel%3A4%7C43.08417,-76.86972&markers=color%3Agreen%7Clabel%3A5%7C40.41889,-80.58972&markers=color%3Ared%7Clabel%3A5%7C43.08417,-76.86972"
4525,613,613,0,"http://maps.google.com/maps/api/staticmap?size=500x500&sensor=false&maptype=road&markers=color%3Agreen%7Clabel%3A1%7C41.567,-87.633&markers=color%3Ared%7C41.24111,-77.00139&markers=color%3Agreen%7Clabel%3A2%7C41.567,-87.633&markers=color%3Ared%7Clabel%3A2%7C41.24111,-77.00139"
4536,601,605,4,"http://maps.google.com/maps/api/staticmap?size=500x500&sensor=false&maptype=road&markers=color%3Agreen%7Clabel%3A1%7C36.0725,-79.79222&markers=color%3Ared%7C41.27944,-72.81556&markers=color%3Agreen%7Clabel%3A2%7C36.0725,-79.79222&markers=color%3Ared%7Clabel%3A2%7C41.27944,-72.81556&markers=color%3Agreen%7Clabel%3A3%7C36.11972,-80.07389&markers=color%3Ared%7Clabel%3A3%7C41.80833,-72.25"
4539,420,404,-16,"http://maps.google.com/maps/api/staticmap?size=500x500&sensor=false&maptype=road&markers=color%3Agreen%7Clabel%3A1%7C36.69139,-79.87278&markers=color%3Ared%7C40.75167,-81.83944&markers=color%3Agreen%7Clabel%3A2%7C36.69139,-79.87278&markers=color%3Ared%7Clabel%3A2%7C40.75167,-81.83944&markers=color%3Agreen%7Clabel%3A3%7C36.69139,-79.87278&markers=color%3Ared%7Clabel%3A3%7C40.75167,-81.83944&markers=color%3Agreen%7Clabel%3A4%7C36.09972,-80.24444&markers=color%3Ared%7Clabel%3A4%7C40.87583,-81.4025&markers=color%3Agreen%7Clabel%3A5%7C36.09139,-79.36444&markers=color%3Ared%7Clabel%3A5%7C41.08139,-81.51917"
4554,304,304,0,"http://maps.google.com/maps/api/staticmap?size=500x500&sensor=false&maptype=road&markers=color%3Agreen%7Clabel%3A1%7C37.60694,-87.52861&markers=color%3Ared%7C34.5025,-84.95111&markers=color%3Agreen%7Clabel%3A2%7C37.60694,-87.52861&markers=color%3Ared%7Clabel%3A2%7C34.5025,-84.95111"
4555,515,515,0,"http://maps.google.com/maps/api/staticmap?size=500x500&sensor=false&maptype=road&markers=color%3Agreen%7Clabel%3A1%7C44.22,-85.2&markers=color%3Ared%7C38.04917,-84.50028&markers=color%3Agreen%7Clabel%3A2%7C44.22,-85.2&markers=color%3Ared%7Clabel%3A2%7C38.04917,-84.50028"
4566,391,390,-1,"http://maps.google.com/maps/api/staticmap?size=500x500&sensor=false&maptype=road&markers=color%3Agreen%7Clabel%3A1%7C36.66111,-80.92417&markers=color%3Ared%7C40.605,-77.72583&markers=color%3Agreen%7Clabel%3A2%7C36.66111,-80.92417&markers=color%3Ared%7Clabel%3A2%7C40.605,-77.72583"
4568,276,274,-2,"http://maps.google.com/maps/api/staticmap?size=500x500&sensor=false&maptype=road&markers=color%3Agreen%7Clabel%3A1%7C36.383,-87.633&markers=color%3Ared%7C36.28083,-83.515&markers=color%3Agreen%7Clabel%3A2%7C36.383,-87.633&markers=color%3Ared%7Clabel%3A2%7C36.28083,-83.515&markers=color%3Agreen%7Clabel%3A3%7C36.383,-87.633&markers=color%3Ared%7Clabel%3A3%7C36.28083,-83.515&markers=color%3Agreen%7Clabel%3A4%7C35.925,-86.86889&markers=color%3Ared%7Clabel%3A4%7C35.96056,-83.92083&markers=color%3Agreen%7Clabel%3A5%7C35.925,-86.86889&markers=color%3Ared%7Clabel%3A5%7C36.54833,-82.56194"
4571,329,345,16,"http://maps.google.com/maps/api/staticmap?size=500x500&sensor=false&maptype=road&markers=color%3Agreen%7Clabel%3A1%7C36.0725,-79.79222&markers=color%3Ared%7C39.29028,-76.6125&markers=color%3Agreen%7Clabel%3A2%7C36.0725,-79.79222&markers=color%3Ared%7Clabel%3A2%7C39.29028,-76.6125&markers=color%3Agreen%7Clabel%3A3%7C36.09583,-79.26722&markers=color%3Ared%7Clabel%3A3%7C39.29028,-76.6125&markers=color%3Agreen%7Clabel%3A4%7C36.0725,-79.79222&markers=color%3Ared%7Clabel%3A4%7C39.37194,-77.27222&markers=color%3Agreen%7Clabel%3A5%7C35.67083,-80.47444&markers=color%3Ared%7Clabel%3A5%7C39.29028,-76.6125"
4588,224,224,0,"http://maps.google.com/maps/api/staticmap?size=500x500&sensor=false&maptype=road&markers=color%3Agreen%7Clabel%3A1%7C42.60111,-76.18083&markers=color%3Ared%7C41.42028,-78.72889&markers=color%3Agreen%7Clabel%3A2%7C42.60111,-76.18083&markers=color%3Ared%7Clabel%3A2%7C41.42028,-78.72889"
4611,54,51,-3,"http://maps.google.com/maps/api/staticmap?size=500x500&sensor=false&maptype=road&markers=color%3Agreen%7Clabel%3A1%7C39.92417,-79.83583&markers=color%3Ared%7C40.467,-80.083&markers=color%3Agreen%7Clabel%3A2%7C39.92417,-79.83583&markers=color%3Ared%7Clabel%3A2%7C40.467,-80.083&markers=color%3Agreen%7Clabel%3A3%7C39.92417,-79.83583&markers=color%3Ared%7Clabel%3A3%7C41.11333,-80.4325&markers=color%3Agreen%7Clabel%3A4%7C40.44056,-79.99611&markers=color%3Ared%7Clabel%3A4%7C40.86167,-80.28667&markers=color%3Agreen%7Clabel%3A5%7C40.44056,-79.99611&markers=color%3Ared%7Clabel%3A5%7C40.90083,-80.85694"
4628,792,849,57,"http://maps.google.com/maps/api/staticmap?size=500x500&sensor=false&maptype=road&markers=color%3Agreen%7Clabel%3A1%7C43.23417,-86.24833&markers=color%3Ared%7C42.26667,-72.66944&markers=color%3Agreen%7Clabel%3A2%7C43.23417,-86.24833&markers=color%3Ared%7Clabel%3A2%7C42.26667,-72.66944&markers=color%3Agreen%7Clabel%3A3%7C42.96333,-85.66806&markers=color%3Ared%7Clabel%3A3%7C41.52417,-72.07639&markers=color%3Agreen%7Clabel%3A4%7C43.69806,-85.48361&markers=color%3Ared%7Clabel%3A4%7C41.57694,-73.40889&markers=color%3Agreen%7Clabel%3A5%7C43.69806,-85.48361&markers=color%3Ared%7Clabel%3A5%7C41.57694,-73.40889"
4636,433,421,-12,"http://maps.google.com/maps/api/staticmap?size=500x500&sensor=false&maptype=road&markers=color%3Agreen%7Clabel%3A1%7C40.95833,-75.975&markers=color%3Ared%7C43.66139,-70.25583&markers=color%3Agreen%7Clabel%3A2%7C40.95833,-75.975&markers=color%3Ared%7Clabel%3A2%7C43.66139,-70.25583&markers=color%3Agreen%7Clabel%3A3%7C41.16944,-75.87778&markers=color%3Ared%7Clabel%3A3%7C43.64139,-70.24139&markers=color%3Agreen%7Clabel%3A4%7C40.60833,-75.49056&markers=color%3Ared%7Clabel%3A4%7C43.66139,-70.25583&markers=color%3Agreen%7Clabel%3A5%7C40.53667,-75.63167&markers=color%3Ared%7Clabel%3A5%7C43.67694,-70.37167"
4640,838,838,0,"http://maps.google.com/maps/api/staticmap?size=500x500&sensor=false&maptype=road&markers=color%3Agreen%7Clabel%3A1%7C35.95556,-80.00556&markers=color%3Ared%7C44.47583,-73.2125&markers=color%3Agreen%7Clabel%3A2%7C35.95556,-80.00556&markers=color%3Ared%7Clabel%3A2%7C44.47583,-73.2125"
4641,395,383,-12,"http://maps.google.com/maps/api/staticmap?size=500x500&sensor=false&maptype=road&markers=color%3Agreen%7Clabel%3A1%7C38.81056,-90.69972&markers=color%3Ared%7C39.16194,-84.45694&markers=color%3Agreen%7Clabel%3A2%7C38.81056,-90.69972&markers=color%3Ared%7Clabel%3A2%7C39.16194,-84.45694&markers=color%3Agreen%7Clabel%3A3%7C38.633,-90.25&markers=color%3Ared%7Clabel%3A3%7C39.16194,-84.45694&markers=color%3Agreen%7Clabel%3A4%7C38.89056,-90.18417&markers=color%3Ared%7Clabel%3A4%7C39.75889,-84.19167"
4690,662,662,0,"http://maps.google.com/maps/api/staticmap?size=500x500&sensor=false&maptype=road&markers=color%3Agreen%7Clabel%3A1%7C41.91639,-83.39778&markers=color%3Ared%7C34.02333,-84.61556&markers=color%3Agreen%7Clabel%3A2%7C41.91639,-83.39778&markers=color%3Ared%7Clabel%3A2%7C34.02333,-84.61556"
4691,726,729,3,"http://maps.google.com/maps/api/staticmap?size=500x500&sensor=false&maptype=road&markers=color%3Agreen%7Clabel%3A1%7C41.47306,-87.06111&markers=color%3Ared%7C40.90111,-74.51472&markers=color%3Agreen%7Clabel%3A2%7C41.47306,-87.06111&markers=color%3Ared%7Clabel%3A2%7C40.90111,-74.51472&markers=color%3Agreen%7Clabel%3A3%7C41.59333,-87.34639&markers=color%3Ared%7Clabel%3A3%7C40.7,-74.0&markers=color%3Agreen%7Clabel%3A4%7C41.50611,-87.63556&markers=color%3Ared%7Clabel%3A4%7C40.85,-73.86667&markers=color%3Agreen%7Clabel%3A5%7C41.85,-87.65&markers=color%3Ared%7Clabel%3A5%7C40.51861,-74.4125"
4700,709,709,0,"http://maps.google.com/maps/api/staticmap?size=500x500&sensor=false&maptype=road&markers=color%3Agreen%7Clabel%3A1%7C39.55222,-84.23333&markers=color%3Ared%7C42.783,-73.95&markers=color%3Agreen%7Clabel%3A2%7C39.55222,-84.23333&markers=color%3Ared%7Clabel%3A2%7C42.783,-73.95"
4709,658,659,1,"http://maps.google.com/maps/api/staticmap?size=500x500&sensor=false&maptype=road&markers=color%3Agreen%7Clabel%3A1%7C42.0,-88.0&markers=color%3Ared%7C39.64167,-77.72028&markers=color%3Agreen%7Clabel%3A2%7C42.0,-88.0&markers=color%3Ared%7Clabel%3A2%7C39.64167,-77.72028&markers=color%3Agreen%7Clabel%3A3%7C41.85,-87.65&markers=color%3Ared%7Clabel%3A3%7C39.64167,-77.72028&markers=color%3Agreen%7Clabel%3A4%7C42.0,-88.0&markers=color%3Ared%7Clabel%3A4%7C39.54917,-77.20722&markers=color%3Agreen%7Clabel%3A5%7C41.85,-87.65&markers=color%3Ared%7Clabel%3A5%7C39.37194,-77.27222"
4716,692,700,8,"http://maps.google.com/maps/api/staticmap?size=500x500&sensor=false&maptype=road&markers=color%3Agreen%7Clabel%3A1%7C41.68333,-86.25&markers=color%3Ared%7C39.15806,-75.52472&markers=color%3Agreen%7Clabel%3A2%7C41.68333,-86.25&markers=color%3Ared%7Clabel%3A2%7C39.15806,-75.52472&markers=color%3Agreen%7Clabel%3A3%7C41.68333,-86.25&markers=color%3Ared%7Clabel%3A3%7C39.15806,-75.52472&markers=color%3Agreen%7Clabel%3A4%7C41.34361,-86.30972&markers=color%3Ared%7Clabel%3A4%7C39.95222,-75.16417&markers=color%3Agreen%7Clabel%3A5%7C41.15722,-85.48833&markers=color%3Ared%7Clabel%3A5%7C39.40194,-75.03972"
4744,294,283,-11,"http://maps.google.com/maps/api/staticmap?size=500x500&sensor=false&maptype=road&markers=color%3Agreen%7Clabel%3A1%7C42.085,-76.05417&markers=color%3Ared%7C42.22861,-71.52306&markers=color%3Agreen%7Clabel%3A2%7C42.085,-76.05417&markers=color%3Ared%7Clabel%3A2%7C42.22861,-71.52306&markers=color%3Agreen%7Clabel%3A3%7C41.20528,-76.00528&markers=color%3Ared%7Clabel%3A3%7C42.29639,-71.29306&markers=color%3Agreen%7Clabel%3A4%7C41.32583,-75.78972&markers=color%3Ared%7Clabel%3A4%7C41.84639,-71.88806&markers=color%3Agreen%7Clabel%3A5%7C41.24583,-75.88167&markers=color%3Ared%7Clabel%3A5%7C41.84639,-71.88806"
4769,331,344,13,"http://maps.google.com/maps/api/staticmap?size=500x500&sensor=false&maptype=road&markers=color%3Agreen%7Clabel%3A1%7C40.79333,-77.86028&markers=color%3Ared%7C42.6525,-73.75667&markers=color%3Agreen%7Clabel%3A2%7C40.79333,-77.86028&markers=color%3Ared%7Clabel%3A2%7C42.6525,-73.75667&markers=color%3Agreen%7Clabel%3A3%7C41.17028,-76.87722&markers=color%3Ared%7Clabel%3A3%7C42.6425,-73.74333"
4774,1198,1183,-15,"http://maps.google.com/maps/api/staticmap?size=500x500&sensor=false&maptype=road&markers=color%3Agreen%7Clabel%3A1%7C38.633,-90.25&markers=color%3Ared%7C42.76528,-71.46806&markers=color%3Agreen%7Clabel%3A2%7C38.633,-90.25&markers=color%3Ared%7Clabel%3A2%7C42.76528,-71.46806&markers=color%3Agreen%7Clabel%3A3%7C38.633,-90.25&markers=color%3Ared%7Clabel%3A3%7C41.87861,-71.38306"
4791,625,625,0,"http://maps.google.com/maps/api/staticmap?size=500x500&sensor=false&maptype=road&markers=color%3Agreen%7Clabel%3A1%7C39.18556,-78.16361&markers=color%3Ared%7C45.5,-73.6&markers=color%3Agreen%7Clabel%3A2%7C39.18556,-78.16361&markers=color%3Ared%7Clabel%3A2%7C45.5,-73.6"
4795,364,353,-11,"http://maps.google.com/maps/api/staticmap?size=500x500&sensor=false&maptype=road&markers=color%3Agreen%7Clabel%3A1%7C41.93528,-87.86556&markers=color%3Ared%7C40.29861,-83.06806&markers=color%3Agreen%7Clabel%3A2%7C41.93528,-87.86556&markers=color%3Ared%7Clabel%3A2%7C40.29861,-83.06806&markers=color%3Agreen%7Clabel%3A3%7C41.76889,-87.85778&markers=color%3Ared%7Clabel%3A3%7C39.96111,-82.99889&markers=color%3Agreen%7Clabel%3A4%7C41.88472,-88.20389&markers=color%3Ared%7Clabel%3A4%7C39.96111,-82.99889&markers=color%3Agreen%7Clabel%3A5%7C42.03722,-88.28111&markers=color%3Ared%7Clabel%3A5%7C39.96111,-82.99889"
4804,592,599,7,"http://maps.google.com/maps/api/staticmap?size=500x500&sensor=false&maptype=road&markers=color%3Agreen%7Clabel%3A1%7C41.3125,-81.44028&markers=color%3Ared%7C45.5,-73.6&markers=color%3Agreen%7Clabel%3A2%7C41.3125,-81.44028&markers=color%3Ared%7Clabel%3A2%7C45.5,-73.6&markers=color%3Agreen%7Clabel%3A3%7C40.79889,-81.37861&markers=color%3Ared%7Clabel%3A3%7C45.617,-73.833"
4809,19,16,-3,"http://maps.google.com/maps/api/staticmap?size=500x500&sensor=false&maptype=road&markers=color%3Agreen%7Clabel%3A1%7C40.083,-75.383&markers=color%3Ared%7C39.95222,-75.16417&markers=color%3Agreen%7Clabel%3A2%7C40.083,-75.383&markers=color%3Ared%7Clabel%3A2%7C39.95222,-75.16417&markers=color%3Agreen%7Clabel%3A3%7C39.95222,-75.16417&markers=color%3Ared%7Clabel%3A3%7C40.14389,-75.11611&markers=color%3Agreen%7Clabel%3A4%7C40.083,-75.383&markers=color%3Ared%7Clabel%3A4%7C39.967,-74.2&markers=color%3Agreen%7Clabel%3A5%7C40.083,-75.383&markers=color%3Ared%7Clabel%3A5%7C39.967,-74.2"
4814,782,782,0,"http://maps.google.com/maps/api/staticmap?size=500x500&sensor=false&maptype=road&markers=color%3Agreen%7Clabel%3A1%7C36.483,-80.6&markers=color%3Ared%7C42.35833,-71.06028&markers=color%3Agreen%7Clabel%3A2%7C36.483,-80.6&markers=color%3Ared%7Clabel%3A2%7C42.35833,-71.06028"
4815,603,595,-8,"http://maps.google.com/maps/api/staticmap?size=500x500&sensor=false&maptype=road&markers=color%3Agreen%7Clabel%3A1%7C41.15722,-85.48833&markers=color%3Ared%7C39.29028,-76.6125&markers=color%3Agreen%7Clabel%3A2%7C41.15722,-85.48833&markers=color%3Ared%7Clabel%3A2%7C39.29028,-76.6125&markers=color%3Agreen%7Clabel%3A3%7C41.15722,-85.48833&markers=color%3Ared%7Clabel%3A3%7C39.29028,-76.6125&markers=color%3Agreen%7Clabel%3A4%7C41.15722,-85.48833&markers=color%3Ared%7Clabel%3A4%7C39.66194,-75.56667&markers=color%3Agreen%7Clabel%3A5%7C41.15722,-85.48833&markers=color%3Ared%7Clabel%3A5%7C39.66194,-75.56667"
4821,825,825,0,"http://maps.google.com/maps/api/staticmap?size=500x500&sensor=false&maptype=road&markers=color%3Agreen%7Clabel%3A1%7C41.35722,-88.42111&markers=color%3Ared%7C45.417,-75.7&markers=color%3Agreen%7Clabel%3A2%7C41.35722,-88.42111&markers=color%3Ared%7Clabel%3A2%7C45.417,-75.7"
4830,260,260,0,"http://maps.google.com/maps/api/staticmap?size=500x500&sensor=false&maptype=road&markers=color%3Agreen%7Clabel%3A1%7C41.15722,-85.48833&markers=color%3Ared%7C38.04917,-84.50028&markers=color%3Agreen%7Clabel%3A2%7C41.15722,-85.48833&markers=color%3Ared%7Clabel%3A2%7C38.04917,-84.50028&markers=color%3Agreen%7Clabel%3A3%7C41.15722,-85.48833&markers=color%3Ared%7Clabel%3A3%7C38.04917,-84.50028"
4836,331,324,-7,"http://maps.google.com/maps/api/staticmap?size=500x500&sensor=false&maptype=road&markers=color%3Agreen%7Clabel%3A1%7C41.15722,-85.48833&markers=color%3Ared%7C40.73028,-80.31028&markers=color%3Agreen%7Clabel%3A2%7C41.15722,-85.48833&markers=color%3Ared%7Clabel%3A2%7C40.73028,-80.31028&markers=color%3Agreen%7Clabel%3A3%7C41.15722,-85.48833&markers=color%3Ared%7Clabel%3A3%7C40.73028,-80.31028&markers=color%3Agreen%7Clabel%3A4%7C41.15722,-85.48833&markers=color%3Ared%7Clabel%3A4%7C40.73028,-80.31028&markers=color%3Agreen%7Clabel%3A5%7C41.15722,-85.48833&markers=color%3Ared%7Clabel%3A5%7C40.44056,-79.99611"
4839,643,634,-9,"http://maps.google.com/maps/api/staticmap?size=500x500&sensor=false&maptype=road&markers=color%3Agreen%7Clabel%3A1%7C41.15722,-85.48833&markers=color%3Ared%7C39.66194,-75.56667&markers=color%3Agreen%7Clabel%3A2%7C41.15722,-85.48833&markers=color%3Ared%7Clabel%3A2%7C39.66194,-75.56667&markers=color%3Agreen%7Clabel%3A3%7C41.15722,-85.48833&markers=color%3Ared%7Clabel%3A3%7C39.66194,-75.56667&markers=color%3Agreen%7Clabel%3A4%7C41.15722,-85.48833&markers=color%3Ared%7Clabel%3A4%7C39.66194,-75.56667&markers=color%3Agreen%7Clabel%3A5%7C41.15722,-85.48833&markers=color%3Ared%7Clabel%3A5%7C39.8675,-75.095"
4849,854,860,6,"http://maps.google.com/maps/api/staticmap?size=500x500&sensor=false&maptype=road&markers=color%3Agreen%7Clabel%3A1%7C41.15722,-85.48833&markers=color%3Ared%7C42.34583,-71.55278&markers=color%3Agreen%7Clabel%3A2%7C41.15722,-85.48833&markers=color%3Ared%7Clabel%3A2%7C42.34583,-71.55278&markers=color%3Agreen%7Clabel%3A3%7C41.15722,-85.48833&markers=color%3Ared%7Clabel%3A3%7C42.34583,-71.55278&markers=color%3Agreen%7Clabel%3A4%7C41.117,-85.117&markers=color%3Ared%7Clabel%3A4%7C41.9,-71.09028"
4850,854,860,6,"http://maps.google.com/maps/api/staticmap?size=500x500&sensor=false&maptype=road&markers=color%3Agreen%7Clabel%3A1%7C41.15722,-85.48833&markers=color%3Ared%7C42.34583,-71.55278&markers=color%3Agreen%7Clabel%3A2%7C41.15722,-85.48833&markers=color%3Ared%7Clabel%3A2%7C42.34583,-71.55278&markers=color%3Agreen%7Clabel%3A3%7C41.15722,-85.48833&markers=color%3Ared%7Clabel%3A3%7C42.34583,-71.55278&markers=color%3Agreen%7Clabel%3A4%7C41.117,-85.117&markers=color%3Ared%7Clabel%3A4%7C41.9,-71.09028"
4866,67,66,-1,"http://maps.google.com/maps/api/staticmap?size=500x500&sensor=false&maptype=road&markers=color%3Agreen%7Clabel%3A1%7C41.09972,-80.64972&markers=color%3Ared%7C40.36972,-80.63417&markers=color%3Agreen%7Clabel%3A2%7C41.09972,-80.64972&markers=color%3Ared%7Clabel%3A2%7C40.36972,-80.63417&markers=color%3Agreen%7Clabel%3A3%7C41.09972,-80.64972&markers=color%3Ared%7Clabel%3A3%7C40.36972,-80.63417&markers=color%3Agreen%7Clabel%3A4%7C40.79889,-81.37861&markers=color%3Ared%7Clabel%3A4%7C40.41889,-80.58972&markers=color%3Agreen%7Clabel%3A5%7C41.39778,-79.83167&markers=color%3Ared%7Clabel%3A5%7C40.08056,-80.90028"
4871,242,238,-4,"http://maps.google.com/maps/api/staticmap?size=500x500&sensor=false&maptype=road&markers=color%3Agreen%7Clabel%3A1%7C41.15361,-81.35806&markers=color%3Ared%7C39.317,-84.4&markers=color%3Agreen%7Clabel%3A2%7C41.15361,-81.35806&markers=color%3Ared%7Clabel%3A2%7C39.317,-84.4&markers=color%3Agreen%7Clabel%3A3%7C41.49944,-81.69556&markers=color%3Ared%7Clabel%3A3%7C39.16194,-84.45694"
4880,628,628,0,"http://maps.google.com/maps/api/staticmap?size=500x500&sensor=false&maptype=road&markers=color%3Agreen%7Clabel%3A1%7C42.88639,-78.87861&markers=color%3Ared%7C35.72111,-77.91583&markers=color%3Agreen%7Clabel%3A2%7C42.88639,-78.87861&markers=color%3Ared%7Clabel%3A2%7C35.72111,-77.91583"
4881,467,467,0,"http://maps.google.com/maps/api/staticmap?size=500x500&sensor=false&maptype=road&markers=color%3Agreen%7Clabel%3A1%7C36.16306,-82.83111&markers=color%3Ared%7C41.08139,-81.51917&markers=color%3Agreen%7Clabel%3A2%7C36.16306,-82.83111&markers=color%3Ared%7Clabel%3A2%7C41.08139,-81.51917"
4891,242,242,0,"http://maps.google.com/maps/api/staticmap?size=500x500&sensor=false&maptype=road&markers=color%3Agreen%7Clabel%3A1%7C35.94889,-85.02694&markers=color%3Ared%7C37.59111,-82.66833&markers=color%3Agreen%7Clabel%3A2%7C35.94889,-85.02694&markers=color%3Ared%7Clabel%3A2%7C37.59111,-82.66833"
4906,532,518,-14,"http://maps.google.com/maps/api/staticmap?size=500x500&sensor=false&maptype=road&markers=color%3Agreen%7Clabel%3A1%7C41.49944,-81.69556&markers=color%3Ared%7C42.87806,-73.19722&markers=color%3Agreen%7Clabel%3A2%7C41.49944,-81.69556&markers=color%3Ared%7Clabel%3A2%7C42.87806,-73.19722&markers=color%3Agreen%7Clabel%3A3%7C41.13833,-81.86389&markers=color%3Ared%7Clabel%3A3%7C42.81417,-73.94&markers=color%3Agreen%7Clabel%3A4%7C41.13833,-81.86389&markers=color%3Ared%7Clabel%3A4%7C42.81417,-73.94"
4911,317,296,-21,"http://maps.google.com/maps/api/staticmap?size=500x500&sensor=false&maptype=road&markers=color%3Agreen%7Clabel%3A1%7C44.35,-78.733&markers=color%3Ared%7C45.5,-73.6&markers=color%3Agreen%7Clabel%3A2%7C44.35,-78.733&markers=color%3Ared%7Clabel%3A2%7C45.5,-73.6&markers=color%3Agreen%7Clabel%3A3%7C43.9,-79.133&markers=color%3Ared%7Clabel%3A3%7C45.5,-73.6&markers=color%3Agreen%7Clabel%3A4%7C43.9,-79.133&markers=color%3Ared%7Clabel%3A4%7C45.5,-73.6&markers=color%3Agreen%7Clabel%3A5%7C43.9,-79.133&markers=color%3Ared%7Clabel%3A5%7C45.5,-73.6"
4922,327,326,-1,"http://maps.google.com/maps/api/staticmap?size=500x500&sensor=false&maptype=road&markers=color%3Agreen%7Clabel%3A1%7C39.54917,-77.20722&markers=color%3Ared%7C42.99806,-78.18778&markers=color%3Agreen%7Clabel%3A2%7C39.54917,-77.20722&markers=color%3Ared%7Clabel%3A2%7C42.99806,-78.18778&markers=color%3Agreen%7Clabel%3A3%7C39.40361,-76.95056&markers=color%3Ared%7Clabel%3A3%7C42.90389,-78.6925&markers=color%3Agreen%7Clabel%3A4%7C39.9375,-77.66139&markers=color%3Ared%7Clabel%3A4%7C42.88639,-78.87861&markers=color%3Agreen%7Clabel%3A5%7C40.20139,-77.18917&markers=color%3Ared%7Clabel%3A5%7C43.15472,-77.61583"
4924,78,80,2,"http://maps.google.com/maps/api/staticmap?size=500x500&sensor=false&maptype=road&markers=color%3Agreen%7Clabel%3A1%7C39.46667,-87.41389&markers=color%3Ared%7C39.76833,-86.15806&markers=color%3Agreen%7Clabel%3A2%7C39.46667,-87.41389&markers=color%3Ared%7Clabel%3A2%7C39.76833,-86.15806&markers=color%3Agreen%7Clabel%3A3%7C39.46667,-87.41389&markers=color%3Ared%7Clabel%3A3%7C39.76833,-86.15806&markers=color%3Agreen%7Clabel%3A4%7C39.46667,-87.41389&markers=color%3Ared%7Clabel%3A4%7C39.76833,-86.15806&markers=color%3Agreen%7Clabel%3A5%7C39.46667,-87.41389&markers=color%3Ared%7Clabel%3A5%7C39.61361,-86.10667"
4941,557,555,-2,"http://maps.google.com/maps/api/staticmap?size=500x500&sensor=false&maptype=road&markers=color%3Agreen%7Clabel%3A1%7C41.85,-87.65&markers=color%3Ared%7C40.51861,-78.395&markers=color%3Agreen%7Clabel%3A2%7C41.85,-87.65&markers=color%3Ared%7Clabel%3A2%7C40.51861,-78.395&markers=color%3Agreen%7Clabel%3A3%7C42.01889,-87.80278&markers=color%3Ared%7Clabel%3A3%7C40.485,-78.725&markers=color%3Agreen%7Clabel%3A4%7C41.85,-87.65&markers=color%3Ared%7Clabel%3A4%7C40.01861,-78.50417"
4950,354,354,0,"http://maps.google.com/maps/api/staticmap?size=500x500&sensor=false&maptype=road&markers=color%3Agreen%7Clabel%3A1%7C38.66444,-80.71&markers=color%3Ared%7C37.48,-86.29389&markers=color%3Agreen%7Clabel%3A2%7C38.66444,-80.71&markers=color%3Ared%7Clabel%3A2%7C37.48,-86.29389"
4961,237,237,0,"http://maps.google.com/maps/api/staticmap?size=500x500&sensor=false&maptype=road&markers=color%3Agreen%7Clabel%3A1%7C35.44278,-84.59306&markers=color%3Ared%7C36.86556,-87.48861&markers=color%3Agreen%7Clabel%3A2%7C35.44278,-84.59306&markers=color%3Ared%7Clabel%3A2%7C36.86556,-87.48861"
4971,457,451,-6,"http://maps.google.com/maps/api/staticmap?size=500x500&sensor=false&maptype=road&markers=color%3Agreen%7Clabel%3A1%7C37.93222,-87.895&markers=color%3Ared%7C38.94806,-81.76111&markers=color%3Agreen%7Clabel%3A2%7C37.93222,-87.895&markers=color%3Ared%7Clabel%3A2%7C38.94806,-81.76111&markers=color%3Agreen%7Clabel%3A3%7C37.93222,-87.895&markers=color%3Ared%7Clabel%3A3%7C39.41528,-81.455&markers=color%3Agreen%7Clabel%3A4%7C38.73083,-88.08528&markers=color%3Ared%7Clabel%3A4%7C39.32917,-82.10139"
4985,449,452,3,"http://maps.google.com/maps/api/staticmap?size=500x500&sensor=false&maptype=road&markers=color%3Agreen%7Clabel%3A1%7C43.01167,-88.23139&markers=color%3Ared%7C41.49944,-81.69556&markers=color%3Agreen%7Clabel%3A2%7C43.01167,-88.23139&markers=color%3Ared%7Clabel%3A2%7C41.49944,-81.69556&markers=color%3Agreen%7Clabel%3A3%7C43.03889,-87.90639&markers=color%3Ared%7Clabel%3A3%7C41.49944,-81.69556&markers=color%3Agreen%7Clabel%3A4%7C42.95972,-87.86139&markers=color%3Ared%7Clabel%3A4%7C41.38972,-81.44139&markers=color%3Agreen%7Clabel%3A5%7C43.38444,-89.045&markers=color%3Ared%7Clabel%3A5%7C41.08139,-81.51917"
4998,593,593,0,"http://maps.google.com/maps/api/staticmap?size=500x500&sensor=false&maptype=road&markers=color%3Agreen%7Clabel%3A1%7C44.27806,-88.27194&markers=color%3Ared%7C39.71361,-82.59944&markers=color%3Agreen%7Clabel%3A2%7C44.27806,-88.27194&markers=color%3Ared%7Clabel%3A2%7C39.71361,-82.59944"
5006,1471,1455,-16,"http://maps.google.com/maps/api/staticmap?size=500x500&sensor=false&maptype=road&markers=color%3Agreen%7Clabel%3A1%7C42.60167,-88.7075&markers=color%3Ared%7C26.117,-80.133&markers=color%3Agreen%7Clabel%3A2%7C42.60167,-88.7075&markers=color%3Ared%7Clabel%3A2%7C26.117,-80.133&markers=color%3Agreen%7Clabel%3A3%7C42.55306,-87.93333&markers=color%3Ared%7Clabel%3A3%7C26.01083,-80.14972&markers=color%3Agreen%7Clabel%3A4%7C43.03889,-87.90639&markers=color%3Ared%7Clabel%3A4%7C26.01083,-80.14972&markers=color%3Agreen%7Clabel%3A5%7C42.55306,-87.93333&markers=color%3Ared%7Clabel%3A5%7C25.77389,-80.19389"
5007,241,240,-1,"http://maps.google.com/maps/api/staticmap?size=500x500&sensor=false&maptype=road&markers=color%3Agreen%7Clabel%3A1%7C41.15722,-85.48833&markers=color%3Ared%7C38.25417,-85.75944&markers=color%3Agreen%7Clabel%3A2%7C41.15722,-85.48833&markers=color%3Ared%7Clabel%3A2%7C38.25417,-85.75944&markers=color%3Agreen%7Clabel%3A3%7C41.15722,-85.48833&markers=color%3Ared%7Clabel%3A3%7C38.25417,-85.75944&markers=color%3Agreen%7Clabel%3A4%7C41.117,-85.117&markers=color%3Ared%7Clabel%3A4%7C38.25417,-85.75944"
5009,419,417,-2,"http://maps.google.com/maps/api/staticmap?size=500x500&sensor=false&maptype=road&markers=color%3Agreen%7Clabel%3A1%7C41.15722,-85.48833&markers=color%3Ared%7C36.16583,-86.78444&markers=color%3Agreen%7Clabel%3A2%7C41.15722,-85.48833&markers=color%3Ared%7Clabel%3A2%7C36.16583,-86.78444&markers=color%3Agreen%7Clabel%3A3%7C41.15722,-85.48833&markers=color%3Ared%7Clabel%3A3%7C36.16583,-86.78444&markers=color%3Agreen%7Clabel%3A4%7C41.15722,-85.48833&markers=color%3Ared%7Clabel%3A4%7C35.615,-87.03528&markers=color%3Agreen%7Clabel%3A5%7C41.15722,-85.48833&markers=color%3Ared%7Clabel%3A5%7C35.615,-87.03528"
5017,334,340,6,"http://maps.google.com/maps/api/staticmap?size=500x500&sensor=false&maptype=road&markers=color%3Agreen%7Clabel%3A1%7C41.57583,-87.17611&markers=color%3Ared%7C38.21167,-89.99417&markers=color%3Agreen%7Clabel%3A2%7C41.57583,-87.17611&markers=color%3Ared%7Clabel%3A2%7C38.21167,-89.99417&markers=color%3Agreen%7Clabel%3A3%7C41.5275,-86.7&markers=color%3Ared%7Clabel%3A3%7C38.21167,-89.99417&markers=color%3Agreen%7Clabel%3A4%7C41.5275,-86.7&markers=color%3Ared%7Clabel%3A4%7C38.21167,-89.99417&markers=color%3Agreen%7Clabel%3A5%7C41.57583,-87.17611&markers=color%3Ared%7Clabel%3A5%7C38.633,-90.25"
5026,363,363,0,"http://maps.google.com/maps/api/staticmap?size=500x500&sensor=false&maptype=road&markers=color%3Agreen%7Clabel%3A1%7C41.49944,-81.69556&markers=color%3Ared%7C37.38222,-80.82278&markers=color%3Agreen%7Clabel%3A2%7C41.49944,-81.69556&markers=color%3Ared%7Clabel%3A2%7C37.38222,-80.82278"
5035,204,191,-13,"http://maps.google.com/maps/api/staticmap?size=500x500&sensor=false&maptype=road&markers=color%3Agreen%7Clabel%3A1%7C41.15722,-85.48833&markers=color%3Ared%7C39.16194,-84.45694&markers=color%3Agreen%7Clabel%3A2%7C41.15722,-85.48833&markers=color%3Ared%7Clabel%3A2%7C39.16194,-84.45694&markers=color%3Agreen%7Clabel%3A3%7C41.15722,-85.48833&markers=color%3Ared%7Clabel%3A3%7C39.05639,-84.48694"
5037,622,622,0,"http://maps.google.com/maps/api/staticmap?size=500x500&sensor=false&maptype=road&markers=color%3Agreen%7Clabel%3A1%7C41.49944,-81.69556&markers=color%3Ared%7C35.38472,-77.99306&markers=color%3Agreen%7Clabel%3A2%7C41.49944,-81.69556&markers=color%3Ared%7Clabel%3A2%7C35.38472,-77.99306"
5089,364,364,0,"http://maps.google.com/maps/api/staticmap?size=500x500&sensor=false&maptype=road&markers=color%3Agreen%7Clabel%3A1%7C36.48778,-87.83833&markers=color%3Ared%7C33.34583,-84.10917&markers=color%3Agreen%7Clabel%3A2%7C36.48778,-87.83833&markers=color%3Ared%7Clabel%3A2%7C33.34583,-84.10917"
5113,278,278,0,"http://maps.google.com/maps/api/staticmap?size=500x500&sensor=false&maptype=road&markers=color%3Agreen%7Clabel%3A1%7C41.29528,-89.05944&markers=color%3Ared%7C38.6625,-87.04611&markers=color%3Agreen%7Clabel%3A2%7C41.29528,-89.05944&markers=color%3Ared%7Clabel%3A2%7C38.6625,-87.04611"
5116,175,189,14,"http://maps.google.com/maps/api/staticmap?size=500x500&sensor=false&maptype=road&markers=color%3Agreen%7Clabel%3A1%7C38.25417,-85.75944&markers=color%3Ared%7C36.16583,-86.78444&markers=color%3Agreen%7Clabel%3A2%7C38.25417,-85.75944&markers=color%3Ared%7Clabel%3A2%7C36.16583,-86.78444&markers=color%3Agreen%7Clabel%3A3%7C38.75833,-85.80806&markers=color%3Ared%7Clabel%3A3%7C36.16583,-86.78444&markers=color%3Agreen%7Clabel%3A4%7C38.25417,-85.75944&markers=color%3Ared%7Clabel%3A4%7C35.60278,-85.91972&markers=color%3Agreen%7Clabel%3A5%7C38.28556,-85.82417&markers=color%3Ared%7Clabel%3A5%7C36.99028,-86.44361"
5177,324,324,0,"http://maps.google.com/maps/api/staticmap?size=500x500&sensor=false&maptype=road&markers=color%3Agreen%7Clabel%3A1%7C39.34083,-80.01917&markers=color%3Ared%7C41.62167,-83.71167&markers=color%3Agreen%7Clabel%3A2%7C39.34083,-80.01917&markers=color%3Ared%7Clabel%3A2%7C41.62167,-83.71167"
5195,540,536,-4,"http://maps.google.com/maps/api/staticmap?size=500x500&sensor=false&maptype=road&markers=color%3Agreen%7Clabel%3A1%7C43.38444,-89.045&markers=color%3Ared%7C41.08139,-81.51917&markers=color%3Agreen%7Clabel%3A2%7C43.38444,-89.045&markers=color%3Ared%7Clabel%3A2%7C41.08139,-81.51917&markers=color%3Agreen%7Clabel%3A3%7C43.01167,-88.23139&markers=color%3Ared%7Clabel%3A3%7C41.49944,-81.69556"
5211,787,787,0,"http://maps.google.com/maps/api/staticmap?size=500x500&sensor=false&maptype=road&markers=color%3Agreen%7Clabel%3A1%7C41.85,-87.65&markers=color%3Ared%7C46.30194,-98.94778&markers=color%3Agreen%7Clabel%3A2%7C41.85,-87.65&markers=color%3Ared%7Clabel%3A2%7C46.30194,-98.94778"
5215,742,741,-1,"http://maps.google.com/maps/api/staticmap?size=500x500&sensor=false&maptype=road&markers=color%3Agreen%7Clabel%3A1%7C38.94806,-81.76111&markers=color%3Ared%7C42.67333,-91.91333&markers=color%3Agreen%7Clabel%3A2%7C38.94806,-81.76111&markers=color%3Ared%7Clabel%3A2%7C42.67333,-91.91333"
5227,537,524,-13,"http://maps.google.com/maps/api/staticmap?size=500x500&sensor=false&maptype=road&markers=color%3Agreen%7Clabel%3A1%7C41.61,-87.64667&markers=color%3Ared%7C42.5,-96.4&markers=color%3Agreen%7Clabel%3A2%7C41.61,-87.64667&markers=color%3Ared%7Clabel%3A2%7C42.5,-96.4&markers=color%3Agreen%7Clabel%3A3%7C41.6,-87.52&markers=color%3Ared%7Clabel%3A3%7C42.16389,-95.43611&markers=color%3Agreen%7Clabel%3A4%7C41.58333,-87.5&markers=color%3Ared%7Clabel%3A4%7C42.16389,-95.43611&markers=color%3Agreen%7Clabel%3A5%7C41.50611,-87.63556&markers=color%3Ared%7Clabel%3A5%7C42.02833,-97.41667"
5238,1119,1106,-13,"http://maps.google.com/maps/api/staticmap?size=500x500&sensor=false&maptype=road&markers=color%3Agreen%7Clabel%3A1%7C35.47361,-81.25472&markers=color%3Ared%7C44.5625,-92.53361&markers=color%3Agreen%7Clabel%3A2%7C35.47361,-81.25472&markers=color%3Ared%7Clabel%3A2%7C44.5625,-92.53361&markers=color%3Agreen%7Clabel%3A3%7C35.66972,-81.22167&markers=color%3Ared%7Clabel%3A3%7C44.817,-93.183&markers=color%3Agreen%7Clabel%3A4%7C35.22694,-80.84333&markers=color%3Ared%7Clabel%3A4%7C44.933,-93.083&markers=color%3Agreen%7Clabel%3A5%7C35.22694,-80.84333&markers=color%3Ared%7Clabel%3A5%7C44.81139,-91.49833"
5253,303,303,0,"http://maps.google.com/maps/api/staticmap?size=500x500&sensor=false&maptype=road&markers=color%3Agreen%7Clabel%3A1%7C41.85,-87.65&markers=color%3Ared%7C39.70833,-91.35833&markers=color%3Agreen%7Clabel%3A2%7C41.85,-87.65&markers=color%3Ared%7Clabel%3A2%7C39.70833,-91.35833"
5264,330,330,0,"http://maps.google.com/maps/api/staticmap?size=500x500&sensor=false&maptype=road&markers=color%3Agreen%7Clabel%3A1%7C39.76833,-86.15806&markers=color%3Ared%7C43.07306,-89.40111&markers=color%3Agreen%7Clabel%3A2%7C39.76833,-86.15806&markers=color%3Ared%7Clabel%3A2%7C43.07306,-89.40111"
5273,704,696,-8,"http://maps.google.com/maps/api/staticmap?size=500x500&sensor=false&maptype=road&markers=color%3Agreen%7Clabel%3A1%7C41.04417,-83.65&markers=color%3Ared%7C44.98,-93.26361&markers=color%3Agreen%7Clabel%3A2%7C41.04417,-83.65&markers=color%3Ared%7Clabel%3A2%7C44.98,-93.26361&markers=color%3Agreen%7Clabel%3A3%7C41.04417,-83.65&markers=color%3Ared%7Clabel%3A3%7C44.98,-93.26361&markers=color%3Agreen%7Clabel%3A4%7C41.66389,-83.55528&markers=color%3Ared%7Clabel%3A4%7C44.98,-93.26361&markers=color%3Agreen%7Clabel%3A5%7C41.39222,-84.12528&markers=color%3Ared%7Clabel%3A5%7C44.45833,-93.16139"
5277,570,570,0,"http://maps.google.com/maps/api/staticmap?size=500x500&sensor=false&maptype=road&markers=color%3Agreen%7Clabel%3A1%7C41.15722,-85.48833&markers=color%3Ared%7C42.01778,-95.355&markers=color%3Agreen%7Clabel%3A2%7C41.15722,-85.48833&markers=color%3Ared%7Clabel%3A2%7C42.01778,-95.355&markers=color%3Agreen%7Clabel%3A3%7C41.15722,-85.48833&markers=color%3Ared%7Clabel%3A3%7C42.01778,-95.355"
5315,599,595,-4,"http://maps.google.com/maps/api/staticmap?size=500x500&sensor=false&maptype=road&markers=color%3Agreen%7Clabel%3A1%7C41.15722,-85.48833&markers=color%3Ared%7C37.21528,-93.29806&markers=color%3Agreen%7Clabel%3A2%7C41.15722,-85.48833&markers=color%3Ared%7Clabel%3A2%7C37.21528,-93.29806&markers=color%3Agreen%7Clabel%3A3%7C41.15722,-85.48833&markers=color%3Ared%7Clabel%3A3%7C37.21528,-93.29806&markers=color%3Agreen%7Clabel%3A4%7C41.15722,-85.48833&markers=color%3Ared%7Clabel%3A4%7C37.21528,-93.29806"
5327,203,203,0,"http://maps.google.com/maps/api/staticmap?size=500x500&sensor=false&maptype=road&markers=color%3Agreen%7Clabel%3A1%7C41.58816,-84.60882&markers=color%3Ared%7C41.69861,-88.06833&markers=color%3Agreen%7Clabel%3A2%7C41.58816,-84.60882&markers=color%3Ared%7Clabel%3A2%7C41.69861,-88.06833&markers=color%3Agreen%7Clabel%3A3%7C41.58816,-84.60882&markers=color%3Ared%7Clabel%3A3%7C41.76889,-87.85778&markers=color%3Agreen%7Clabel%3A4%7C41.58816,-84.60882&markers=color%3Ared%7Clabel%3A4%7C41.63889,-87.60722&markers=color%3Agreen%7Clabel%3A5%7C41.15722,-85.48833&markers=color%3Ared%7Clabel%3A5%7C41.42944,-88.22861"
5336,97,110,13,"http://maps.google.com/maps/api/staticmap?size=500x500&sensor=false&maptype=road&markers=color%3Agreen%7Clabel%3A1%7C43.03889,-87.90639&markers=color%3Ared%7C41.85,-87.65&markers=color%3Agreen%7Clabel%3A2%7C43.03889,-87.90639&markers=color%3Ared%7Clabel%3A2%7C41.85,-87.65&markers=color%3Agreen%7Clabel%3A3%7C42.97639,-88.10833&markers=color%3Ared%7Clabel%3A3%7C41.7075,-86.895&markers=color%3Agreen%7Clabel%3A4%7C42.90583,-88.13889&markers=color%3Ared%7Clabel%3A4%7C41.45528,-88.26167&markers=color%3Agreen%7Clabel%3A5%7C43.31778,-88.37889&markers=color%3Ared%7Clabel%3A5%7C41.76056,-88.32"
5347,221,221,0,"http://maps.google.com/maps/api/staticmap?size=500x500&sensor=false&maptype=road&markers=color%3Agreen%7Clabel%3A1%7C43.03889,-87.90639&markers=color%3Ared%7C40.41667,-86.87528&markers=color%3Agreen%7Clabel%3A2%7C43.03889,-87.90639&markers=color%3Ared%7Clabel%3A2%7C40.41667,-86.87528"
5359,221,224,3,"http://maps.google.com/maps/api/staticmap?size=500x500&sensor=false&maptype=road&markers=color%3Agreen%7Clabel%3A1%7C44.45083,-89.28472&markers=color%3Ared%7C44.98,-93.26361&markers=color%3Agreen%7Clabel%3A2%7C44.45083,-89.28472&markers=color%3Ared%7Clabel%3A2%7C44.98,-93.26361&markers=color%3Agreen%7Clabel%3A3%7C44.467,-89.3&markers=color%3Ared%7Clabel%3A3%7C44.933,-93.083&markers=color%3Agreen%7Clabel%3A4%7C44.467,-89.3&markers=color%3Ared%7Clabel%3A4%7C45.01056,-93.45528&markers=color%3Agreen%7Clabel%3A5%7C44.467,-89.3&markers=color%3Ared%7Clabel%3A5%7C45.12,-93.2875"
5373,353,353,0,"http://maps.google.com/maps/api/staticmap?size=500x500&sensor=false&maptype=road&markers=color%3Agreen%7Clabel%3A1%7C43.03889,-87.90639&markers=color%3Ared%7C44.925,-93.4625&markers=color%3Agreen%7Clabel%3A2%7C43.03889,-87.90639&markers=color%3Ared%7Clabel%3A2%7C44.925,-93.4625"
5407,293,283,-10,"http://maps.google.com/maps/api/staticmap?size=500x500&sensor=false&maptype=road&markers=color%3Agreen%7Clabel%3A1%7C43.70722,-88.99&markers=color%3Ared%7C45.18889,-93.55278&markers=color%3Agreen%7Clabel%3A2%7C43.70722,-88.99&markers=color%3Ared%7Clabel%3A2%7C45.18889,-93.55278&markers=color%3Agreen%7Clabel%3A3%7C43.25,-89.333&markers=color%3Ared%7Clabel%3A3%7C45.0725,-93.45556&markers=color%3Agreen%7Clabel%3A4%7C44.18583,-88.4625&markers=color%3Ared%7Clabel%3A4%7C45.0725,-93.45556&markers=color%3Agreen%7Clabel%3A5%7C44.467,-89.3&markers=color%3Ared%7Clabel%3A5%7C45.0725,-93.45556"
5412,344,344,0,"http://maps.google.com/maps/api/staticmap?size=500x500&sensor=false&maptype=road&markers=color%3Agreen%7Clabel%3A1%7C37.92972,-85.65278&markers=color%3Ared%7C41.69861,-88.06833&markers=color%3Agreen%7Clabel%3A2%7C37.92972,-85.65278&markers=color%3Ared%7Clabel%3A2%7C41.69861,-88.06833&markers=color%3Agreen%7Clabel%3A3%7C38.25417,-85.75944&markers=color%3Ared%7Clabel%3A3%7C41.69861,-88.06833&markers=color%3Agreen%7Clabel%3A4%7C38.25417,-85.75944&markers=color%3Ared%7Clabel%3A4%7C41.69861,-88.06833&markers=color%3Agreen%7Clabel%3A5%7C38.25417,-85.75944&markers=color%3Ared%7Clabel%3A5%7C41.69861,-88.06833"
5413,320,314,-6,"http://maps.google.com/maps/api/staticmap?size=500x500&sensor=false&maptype=road&markers=color%3Agreen%7Clabel%3A1%7C38.25417,-85.75944&markers=color%3Ared%7C41.69861,-88.06833&markers=color%3Agreen%7Clabel%3A2%7C38.25417,-85.75944&markers=color%3Ared%7Clabel%3A2%7C41.69861,-88.06833&markers=color%3Agreen%7Clabel%3A3%7C38.25417,-85.75944&markers=color%3Ared%7Clabel%3A3%7C41.69861,-88.06833&markers=color%3Agreen%7Clabel%3A4%7C38.25417,-85.75944&markers=color%3Ared%7Clabel%3A4%7C41.69861,-88.06833&markers=color%3Agreen%7Clabel%3A5%7C38.25417,-85.75944&markers=color%3Ared%7Clabel%3A5%7C41.90056,-87.85667"
5419,286,283,-3,"http://maps.google.com/maps/api/staticmap?size=500x500&sensor=false&maptype=road&markers=color%3Agreen%7Clabel%3A1%7C43.07306,-89.40111&markers=color%3Ared%7C44.98,-93.26361&markers=color%3Agreen%7Clabel%3A2%7C43.07306,-89.40111&markers=color%3Ared%7Clabel%3A2%7C44.98,-93.26361&markers=color%3Agreen%7Clabel%3A3%7C43.07306,-89.40111&markers=color%3Ared%7Clabel%3A3%7C45.16028,-93.08861&markers=color%3Agreen%7Clabel%3A4%7C43.07306,-89.40111&markers=color%3Ared%7Clabel%3A4%7C44.64972,-93.2425&markers=color%3Agreen%7Clabel%3A5%7C43.25,-89.333&markers=color%3Ared%7Clabel%3A5%7C45.0725,-93.45556"
5421,433,433,0,"http://maps.google.com/maps/api/staticmap?size=500x500&sensor=false&maptype=road&markers=color%3Agreen%7Clabel%3A1%7C41.85,-87.65&markers=color%3Ared%7C45.18889,-93.55278&markers=color%3Agreen%7Clabel%3A2%7C41.85,-87.65&markers=color%3Ared%7Clabel%3A2%7C45.18889,-93.55278&markers=color%3Agreen%7Clabel%3A3%7C41.85,-87.65&markers=color%3Ared%7Clabel%3A3%7C45.105,-93.20833&markers=color%3Agreen%7Clabel%3A4%7C41.85,-87.65&markers=color%3Ared%7Clabel%3A4%7C45.06556,-93.20167&markers=color%3Agreen%7Clabel%3A5%7C41.85,-87.65&markers=color%3Ared%7Clabel%3A5%7C44.98,-93.26361"
5426,610,610,0,"http://maps.google.com/maps/api/staticmap?size=500x500&sensor=false&maptype=road&markers=color%3Agreen%7Clabel%3A1%7C44.95917,-89.63&markers=color%3Ared%7C46.80833,-100.78333&markers=color%3Agreen%7Clabel%3A2%7C44.95917,-89.63&markers=color%3Ared%7Clabel%3A2%7C46.80833,-100.78333&markers=color%3Agreen%7Clabel%3A3%7C44.95917,-89.63&markers=color%3Ared%7Clabel%3A3%7C46.80833,-100.78333"
5442,766,766,0,"http://maps.google.com/maps/api/staticmap?size=500x500&sensor=false&maptype=road&markers=color%3Agreen%7Clabel%3A1%7C45.58667,-87.55722&markers=color%3Ared%7C46.80833,-100.78333&markers=color%3Agreen%7Clabel%3A2%7C45.58667,-87.55722&markers=color%3Ared%7Clabel%3A2%7C46.80833,-100.78333"
5446,1062,1062,0,"http://maps.google.com/maps/api/staticmap?size=500x500&sensor=false&maptype=road&markers=color%3Agreen%7Clabel%3A1%7C41.85,-87.65&markers=color%3Ared%7C48.13334,-103.63333&markers=color%3Agreen%7Clabel%3A2%7C41.85,-87.65&markers=color%3Ared%7Clabel%3A2%7C48.13334,-103.63333"
5449,549,545,-4,"http://maps.google.com/maps/api/staticmap?size=500x500&sensor=false&maptype=road&markers=color%3Agreen%7Clabel%3A1%7C41.42972,-84.87139&markers=color%3Ared%7C42.89333,-93.215&markers=color%3Agreen%7Clabel%3A2%7C41.42972,-84.87139&markers=color%3Ared%7Clabel%3A2%7C42.89333,-93.215&markers=color%3Agreen%7Clabel%3A3%7C41.42972,-84.87139&markers=color%3Ared%7Clabel%3A3%7C42.89333,-93.215&markers=color%3Agreen%7Clabel%3A4%7C41.42972,-84.87139&markers=color%3Ared%7Clabel%3A4%7C42.89333,-93.215"
5454,446,445,-1,"http://maps.google.com/maps/api/staticmap?size=500x500&sensor=false&maptype=road&markers=color%3Agreen%7Clabel%3A1%7C43.25,-89.333&markers=color%3Ared%7C46.96528,-94.83917&markers=color%3Agreen%7Clabel%3A2%7C43.25,-89.333&markers=color%3Ared%7Clabel%3A2%7C46.96528,-94.83917&markers=color%3Agreen%7Clabel%3A3%7C43.7,-89.883&markers=color%3Ared%7Clabel%3A3%7C46.75389,-95.09778"
5462,535,539,4,"http://maps.google.com/maps/api/staticmap?size=500x500&sensor=false&maptype=road&markers=color%3Agreen%7Clabel%3A1%7C41.15722,-85.48833&markers=color%3Ared%7C45.63694,-91.99278&markers=color%3Agreen%7Clabel%3A2%7C41.15722,-85.48833&markers=color%3Ared%7Clabel%3A2%7C45.63694,-91.99278&markers=color%3Agreen%7Clabel%3A3%7C41.15722,-85.48833&markers=color%3Ared%7Clabel%3A3%7C45.63694,-91.99278&markers=color%3Agreen%7Clabel%3A4%7C41.15722,-85.48833&markers=color%3Ared%7Clabel%3A4%7C45.63694,-91.99278&markers=color%3Agreen%7Clabel%3A5%7C41.15722,-85.48833&markers=color%3Ared%7Clabel%3A5%7C45.12444,-92.67333"
5465,534,540,6,"http://maps.google.com/maps/api/staticmap?size=500x500&sensor=false&maptype=road&markers=color%3Agreen%7Clabel%3A1%7C41.15722,-85.48833&markers=color%3Ared%7C45.12444,-92.67333&markers=color%3Agreen%7Clabel%3A2%7C41.15722,-85.48833&markers=color%3Ared%7Clabel%3A2%7C45.12444,-92.67333&markers=color%3Agreen%7Clabel%3A3%7C41.15722,-85.48833&markers=color%3Ared%7Clabel%3A3%7C45.12444,-92.67333&markers=color%3Agreen%7Clabel%3A4%7C41.15722,-85.48833&markers=color%3Ared%7Clabel%3A4%7C45.12444,-92.67333&markers=color%3Agreen%7Clabel%3A5%7C41.15722,-85.48833&markers=color%3Ared%7Clabel%3A5%7C44.98,-93.26361"
5495,1637,1571,-66,"http://maps.google.com/maps/api/staticmap?size=500x500&sensor=false&maptype=road&markers=color%3Agreen%7Clabel%3A1%7C43.42528,-88.18333&markers=color%3Ared%7C51.05,-114.083&markers=color%3Agreen%7Clabel%3A2%7C43.42528,-88.18333&markers=color%3Ared%7Clabel%3A2%7C51.05,-114.083&markers=color%3Agreen%7Clabel%3A3%7C43.42528,-88.18333&markers=color%3Ared%7Clabel%3A3%7C51.05,-114.083"
5499,208,208,0,"http://maps.google.com/maps/api/staticmap?size=500x500&sensor=false&maptype=road&markers=color%3Agreen%7Clabel%3A1%7C39.93556,-91.40972&markers=color%3Ared%7C42.49278,-92.34278&markers=color%3Agreen%7Clabel%3A2%7C39.93556,-91.40972&markers=color%3Ared%7Clabel%3A2%7C42.49278,-92.34278"
5505,1107,1107,0,"http://maps.google.com/maps/api/staticmap?size=500x500&sensor=false&maptype=road&markers=color%3Agreen%7Clabel%3A1%7C41.15722,-85.48833&markers=color%3Ared%7C40.42333,-104.70861&markers=color%3Agreen%7Clabel%3A2%7C41.15722,-85.48833&markers=color%3Ared%7Clabel%3A2%7C40.42333,-104.70861&markers=color%3Agreen%7Clabel%3A3%7C41.15722,-85.48833&markers=color%3Ared%7Clabel%3A3%7C40.42333,-104.70861"
5507,610,610,0,"http://maps.google.com/maps/api/staticmap?size=500x500&sensor=false&maptype=road&markers=color%3Agreen%7Clabel%3A1%7C44.95917,-89.63&markers=color%3Ared%7C46.80833,-100.78333&markers=color%3Agreen%7Clabel%3A2%7C44.95917,-89.63&markers=color%3Ared%7Clabel%3A2%7C46.80833,-100.78333&markers=color%3Agreen%7Clabel%3A3%7C44.95917,-89.63&markers=color%3Ared%7Clabel%3A3%7C46.80833,-100.78333"
5519,1013,1013,0,"http://maps.google.com/maps/api/staticmap?size=500x500&sensor=false&maptype=road&markers=color%3Agreen%7Clabel%3A1%7C35.91444,-79.97222&markers=color%3Ared%7C39.117,-94.55&markers=color%3Agreen%7Clabel%3A2%7C35.91444,-79.97222&markers=color%3Ared%7Clabel%3A2%7C39.117,-94.55"
5535,1602,1598,-4,"http://maps.google.com/maps/api/staticmap?size=500x500&sensor=false&maptype=road&markers=color%3Agreen%7Clabel%3A1%7C41.28444,-84.35583&markers=color%3Ared%7C40.683,-111.983&markers=color%3Agreen%7Clabel%3A2%7C41.28444,-84.35583&markers=color%3Ared%7Clabel%3A2%7C40.683,-111.983&markers=color%3Agreen%7Clabel%3A3%7C41.117,-85.117&markers=color%3Ared%7Clabel%3A3%7C40.683,-111.983"
5546,806,806,0,"http://maps.google.com/maps/api/staticmap?size=500x500&sensor=false&maptype=road&markers=color%3Agreen%7Clabel%3A1%7C41.93528,-87.86556&markers=color%3Ared%7C36.39556,-97.87806&markers=color%3Agreen%7Clabel%3A2%7C41.93528,-87.86556&markers=color%3Ared%7Clabel%3A2%7C36.39556,-97.87806"
5550,642,643,1,"http://maps.google.com/maps/api/staticmap?size=500x500&sensor=false&maptype=road&markers=color%3Agreen%7Clabel%3A1%7C41.85,-87.65&markers=color%3Ared%7C46.87389,-96.76722&markers=color%3Agreen%7Clabel%3A2%7C41.85,-87.65&markers=color%3Ared%7Clabel%3A2%7C46.87389,-96.76722&markers=color%3Agreen%7Clabel%3A3%7C41.85,-87.65&markers=color%3Ared%7Clabel%3A3%7C46.87722,-96.78944&markers=color%3Agreen%7Clabel%3A4%7C41.90056,-87.85667&markers=color%3Ared%7Clabel%3A4%7C46.87722,-96.78944"
5555,817,827,10,"http://maps.google.com/maps/api/staticmap?size=500x500&sensor=false&maptype=road&markers=color%3Agreen%7Clabel%3A1%7C38.783,-90.467&markers=color%3Ared%7C38.83389,-104.82083&markers=color%3Agreen%7Clabel%3A2%7C38.783,-90.467&markers=color%3Ared%7Clabel%3A2%7C38.83389,-104.82083&markers=color%3Agreen%7Clabel%3A3%7C38.783,-90.467&markers=color%3Ared%7Clabel%3A3%7C38.83389,-104.82083&markers=color%3Agreen%7Clabel%3A4%7C38.81139,-89.95306&markers=color%3Ared%7Clabel%3A4%7C38.83389,-104.82083&markers=color%3Agreen%7Clabel%3A5%7C39.17528,-89.65417&markers=color%3Ared%7Clabel%3A5%7C39.72944,-104.83139"
5561,1318,1339,21,"http://maps.google.com/maps/api/staticmap?size=500x500&sensor=false&maptype=road&markers=color%3Agreen%7Clabel%3A1%7C42.12917,-80.08528&markers=color%3Ared%7C32.72528,-97.32056&markers=color%3Agreen%7Clabel%3A2%7C42.12917,-80.08528&markers=color%3Ared%7Clabel%3A2%7C32.72528,-97.32056&markers=color%3Agreen%7Clabel%3A3%7C42.12917,-80.08528&markers=color%3Ared%7Clabel%3A3%7C32.72528,-97.32056&markers=color%3Agreen%7Clabel%3A4%7C42.12917,-80.08528&markers=color%3Ared%7Clabel%3A4%7C32.72528,-97.32056&markers=color%3Agreen%7Clabel%3A5%7C42.12917,-80.08528&markers=color%3Ared%7Clabel%3A5%7C32.72528,-97.32056"
5563,954,945,-9,"http://maps.google.com/maps/api/staticmap?size=500x500&sensor=false&maptype=road&markers=color%3Agreen%7Clabel%3A1%7C39.3,-85.22222&markers=color%3Ared%7C32.78333,-96.8&markers=color%3Agreen%7Clabel%3A2%7C39.3,-85.22222&markers=color%3Ared%7Clabel%3A2%7C32.78333,-96.8&markers=color%3Agreen%7Clabel%3A3%7C39.09083,-84.85&markers=color%3Ared%7Clabel%3A3%7C32.78333,-96.8&markers=color%3Agreen%7Clabel%3A4%7C39.39944,-84.56139&markers=color%3Ared%7Clabel%3A4%7C32.78333,-96.8&markers=color%3Agreen%7Clabel%3A5%7C39.76833,-86.15806&markers=color%3Ared%7Clabel%3A5%7C32.78333,-96.8"
5575,1393,1393,0,"http://maps.google.com/maps/api/staticmap?size=500x500&sensor=false&maptype=road&markers=color%3Agreen%7Clabel%3A1%7C43.01167,-88.23139&markers=color%3Ared%7C31.75111,-103.15944&markers=color%3Agreen%7Clabel%3A2%7C43.01167,-88.23139&markers=color%3Ared%7Clabel%3A2%7C31.75111,-103.15944&markers=color%3Agreen%7Clabel%3A3%7C43.01167,-88.23139&markers=color%3Ared%7Clabel%3A3%7C31.75111,-103.15944"
5584,1220,1220,0,"http://maps.google.com/maps/api/staticmap?size=500x500&sensor=false&maptype=road&markers=color%3Agreen%7Clabel%3A1%7C40.44056,-79.99611&markers=color%3Ared%7C32.78333,-96.8&markers=color%3Agreen%7Clabel%3A2%7C40.44056,-79.99611&markers=color%3Ared%7Clabel%3A2%7C32.78333,-96.8"
5586,1042,1042,0,"http://maps.google.com/maps/api/staticmap?size=500x500&sensor=false&maptype=road&markers=color%3Agreen%7Clabel%3A1%7C43.583,-79.65&markers=color%3Ared%7C38.88139,-94.81889&markers=color%3Agreen%7Clabel%3A2%7C43.583,-79.65&markers=color%3Ared%7Clabel%3A2%7C38.88139,-94.81889"
5587,369,346,-23,"http://maps.google.com/maps/api/staticmap?size=500x500&sensor=false&maptype=road&markers=color%3Agreen%7Clabel%3A1%7C39.96111,-82.99889&markers=color%3Ared%7C41.89944,-87.94028&markers=color%3Agreen%7Clabel%3A2%7C39.96111,-82.99889&markers=color%3Ared%7Clabel%3A2%7C41.89944,-87.94028&markers=color%3Agreen%7Clabel%3A3%7C40.82722,-83.28139&markers=color%3Ared%7Clabel%3A3%7C41.525,-88.08167"
5598,955,955,0,"http://maps.google.com/maps/api/staticmap?size=500x500&sensor=false&maptype=road&markers=color%3Agreen%7Clabel%3A1%7C38.25417,-85.75944&markers=color%3Ared%7C29.76306,-95.36306&markers=color%3Agreen%7Clabel%3A2%7C38.25417,-85.75944&markers=color%3Ared%7Clabel%3A2%7C29.76306,-95.36306&markers=color%3Agreen%7Clabel%3A3%7C38.25417,-85.75944&markers=color%3Ared%7Clabel%3A3%7C29.76306,-95.36306"
5600,280,276,-4,"http://maps.google.com/maps/api/staticmap?size=500x500&sensor=false&maptype=road&markers=color%3Agreen%7Clabel%3A1%7C41.00861,-91.9625&markers=color%3Ared%7C41.93528,-87.86556&markers=color%3Agreen%7Clabel%3A2%7C41.00861,-91.9625&markers=color%3Ared%7Clabel%3A2%7C41.93528,-87.86556&markers=color%3Agreen%7Clabel%3A3%7C41.00861,-91.9625&markers=color%3Ared%7Clabel%3A3%7C41.93528,-87.86556&markers=color%3Agreen%7Clabel%3A4%7C40.95,-91.55&markers=color%3Ared%7Clabel%3A4%7C41.88472,-88.20389&markers=color%3Agreen%7Clabel%3A5%7C40.73417,-92.87389&markers=color%3Ared%7Clabel%3A5%7C41.47306,-87.06111"
5603,878,871,-7,"http://maps.google.com/maps/api/staticmap?size=500x500&sensor=false&maptype=road&markers=color%3Agreen%7Clabel%3A1%7C38.96056,-89.09361&markers=color%3Ared%7C29.76306,-95.36306&markers=color%3Agreen%7Clabel%3A2%7C38.96056,-89.09361&markers=color%3Ared%7Clabel%3A2%7C29.76306,-95.36306&markers=color%3Agreen%7Clabel%3A3%7C38.96056,-89.09361&markers=color%3Ared%7Clabel%3A3%7C29.76306,-95.36306"
5621,1417,1417,0,"http://maps.google.com/maps/api/staticmap?size=500x500&sensor=false&maptype=road&markers=color%3Agreen%7Clabel%3A1%7C42.21556,-79.83444&markers=color%3Ared%7C29.76306,-95.36306&markers=color%3Agreen%7Clabel%3A2%7C42.21556,-79.83444&markers=color%3Ared%7Clabel%3A2%7C29.76306,-95.36306&markers=color%3Agreen%7Clabel%3A3%7C42.21556,-79.83444&markers=color%3Ared%7Clabel%3A3%7C29.76306,-95.36306"
5629,726,713,-13,"http://maps.google.com/maps/api/staticmap?size=500x500&sensor=false&maptype=road&markers=color%3Agreen%7Clabel%3A1%7C41.6,-87.52&markers=color%3Ared%7C37.69222,-97.33722&markers=color%3Agreen%7Clabel%3A2%7C41.6,-87.52&markers=color%3Ared%7Clabel%3A2%7C37.69222,-97.33722&markers=color%3Agreen%7Clabel%3A3%7C41.58333,-87.5&markers=color%3Ared%7Clabel%3A3%7C37.69222,-97.33722&markers=color%3Agreen%7Clabel%3A4%7C41.5275,-86.7&markers=color%3Ared%7Clabel%3A4%7C37.69222,-97.33722"
5631,836,835,-1,"http://maps.google.com/maps/api/staticmap?size=500x500&sensor=false&maptype=road&markers=color%3Agreen%7Clabel%3A1%7C44.65222,-84.12972&markers=color%3Ared%7C41.31278,-96.34583&markers=color%3Agreen%7Clabel%3A2%7C44.65222,-84.12972&markers=color%3Ared%7Clabel%3A2%7C41.31278,-96.34583"
5636,1059,1059,0,"http://maps.google.com/maps/api/staticmap?size=500x500&sensor=false&maptype=road&markers=color%3Agreen%7Clabel%3A1%7C41.84444,-90.18861&markers=color%3Ared%7C31.54917,-97.14639&markers=color%3Agreen%7Clabel%3A2%7C41.84444,-90.18861&markers=color%3Ared%7Clabel%3A2%7C31.54917,-97.14639"
5646,655,654,-1,"http://maps.google.com/maps/api/staticmap?size=500x500&sensor=false&maptype=road&markers=color%3Agreen%7Clabel%3A1%7C41.92389,-89.06861&markers=color%3Ared%7C35.47139,-93.46639&markers=color%3Agreen%7Clabel%3A2%7C41.92389,-89.06861&markers=color%3Ared%7Clabel%3A2%7C35.47139,-93.46639&markers=color%3Agreen%7Clabel%3A3%7C42.27111,-89.09389&markers=color%3Ared%7Clabel%3A3%7C35.47139,-93.46639"
5650,637,642,5,"http://maps.google.com/maps/api/staticmap?size=500x500&sensor=false&maptype=road&markers=color%3Agreen%7Clabel%3A1%7C39.785,-85.76944&markers=color%3Ared%7C41.25861,-95.9375&markers=color%3Agreen%7Clabel%3A2%7C39.785,-85.76944&markers=color%3Ared%7Clabel%3A2%7C41.25861,-95.9375&markers=color%3Agreen%7Clabel%3A3%7C39.76833,-86.15806&markers=color%3Ared%7Clabel%3A3%7C41.25861,-95.9375&markers=color%3Agreen%7Clabel%3A4%7C40.04111,-86.87444&markers=color%3Ared%7Clabel%3A4%7C41.25861,-95.9375&markers=color%3Agreen%7Clabel%3A5%7C39.16528,-86.52639&markers=color%3Ared%7Clabel%3A5%7C40.6575,-96.65778"
5659,100,100,0,"http://maps.google.com/maps/api/staticmap?size=500x500&sensor=false&maptype=road&markers=color%3Agreen%7Clabel%3A1%7C40.11639,-88.24333&markers=color%3Ared%7C40.41667,-86.87528&markers=color%3Agreen%7Clabel%3A2%7C40.11639,-88.24333&markers=color%3Ared%7Clabel%3A2%7C40.41667,-86.87528"
5672,452,458,6,"http://maps.google.com/maps/api/staticmap?size=500x500&sensor=false&maptype=road&markers=color%3Agreen%7Clabel%3A1%7C41.15,-77.35&markers=color%3Ared%7C41.117,-85.117&markers=color%3Agreen%7Clabel%3A2%7C41.15,-77.35&markers=color%3Ared%7Clabel%3A2%7C41.117,-85.117&markers=color%3Agreen%7Clabel%3A3%7C40.48472,-78.01056&markers=color%3Ared%7Clabel%3A3%7C41.58222,-85.83444"
5673,1112,1112,0,"http://maps.google.com/maps/api/staticmap?size=500x500&sensor=false&maptype=road&markers=color%3Agreen%7Clabel%3A1%7C36.16583,-86.78444&markers=color%3Ared%7C27.50611,-99.50722&markers=color%3Agreen%7Clabel%3A2%7C36.16583,-86.78444&markers=color%3Ared%7Clabel%3A2%7C27.50611,-99.50722"
5708,2517,2517,0,"http://maps.google.com/maps/api/staticmap?size=500x500&sensor=false&maptype=road&markers=color%3Agreen%7Clabel%3A1%7C43.583,-79.65&markers=color%3Ared%7C34.2175,-118.36944&markers=color%3Agreen%7Clabel%3A2%7C43.583,-79.65&markers=color%3Ared%7Clabel%3A2%7C34.2175,-118.36944"
5719,1107,1091,-16,"http://maps.google.com/maps/api/staticmap?size=500x500&sensor=false&maptype=road&markers=color%3Agreen%7Clabel%3A1%7C41.88472,-88.20389&markers=color%3Ared%7C29.76306,-95.36306&markers=color%3Agreen%7Clabel%3A2%7C41.88472,-88.20389&markers=color%3Ared%7Clabel%3A2%7C29.76306,-95.36306&markers=color%3Agreen%7Clabel%3A3%7C41.61,-87.64667&markers=color%3Ared%7Clabel%3A3%7C29.76306,-95.36306&markers=color%3Agreen%7Clabel%3A4%7C41.60083,-87.60694&markers=color%3Ared%7Clabel%3A4%7C29.93222,-95.38"
5720,647,647,0,"http://maps.google.com/maps/api/staticmap?size=500x500&sensor=false&maptype=road&markers=color%3Agreen%7Clabel%3A1%7C41.28444,-84.35583&markers=color%3Ared%7C35.14944,-90.04889&markers=color%3Agreen%7Clabel%3A2%7C41.28444,-84.35583&markers=color%3Ared%7Clabel%3A2%7C35.14944,-90.04889"
5750,522,518,-4,"http://maps.google.com/maps/api/staticmap?size=500x500&sensor=false&maptype=road&markers=color%3Agreen%7Clabel%3A1%7C41.955,-87.94&markers=color%3Ared%7C43.583,-79.65&markers=color%3Agreen%7Clabel%3A2%7C41.955,-87.94&markers=color%3Ared%7Clabel%3A2%7C43.583,-79.65&markers=color%3Agreen%7Clabel%3A3%7C41.78583,-88.14722&markers=color%3Ared%7Clabel%3A3%7C43.583,-79.65&markers=color%3Agreen%7Clabel%3A4%7C41.85,-87.65&markers=color%3Ared%7Clabel%3A4%7C43.583,-79.65&markers=color%3Agreen%7Clabel%3A5%7C42.0,-88.0&markers=color%3Ared%7Clabel%3A5%7C43.65,-79.383"
5758,678,678,0,"http://maps.google.com/maps/api/staticmap?size=500x500&sensor=false&maptype=road&markers=color%3Agreen%7Clabel%3A1%7C43.5325,-90.0025&markers=color%3Ared%7C43.55,-80.25&markers=color%3Agreen%7Clabel%3A2%7C43.5325,-90.0025&markers=color%3Ared%7Clabel%3A2%7C43.55,-80.25"
5763,658,654,-4,"http://maps.google.com/maps/api/staticmap?size=500x500&sensor=false&maptype=road&markers=color%3Agreen%7Clabel%3A1%7C41.117,-85.117&markers=color%3Ared%7C39.48611,-75.02611&markers=color%3Agreen%7Clabel%3A2%7C41.117,-85.117&markers=color%3Ared%7Clabel%3A2%7C39.48611,-75.02611&markers=color%3Agreen%7Clabel%3A3%7C41.15722,-85.48833&markers=color%3Ared%7Clabel%3A3%7C39.40194,-75.03972&markers=color%3Agreen%7Clabel%3A4%7C41.15722,-85.48833&markers=color%3Ared%7Clabel%3A4%7C39.40194,-75.03972&markers=color%3Agreen%7Clabel%3A5%7C41.15722,-85.48833&markers=color%3Ared%7Clabel%3A5%7C39.8675,-75.095"
5773,1102,1102,0,"http://maps.google.com/maps/api/staticmap?size=500x500&sensor=false&maptype=road&markers=color%3Agreen%7Clabel%3A1%7C39.56306,-95.12139&markers=color%3Ared%7C41.01194,-76.84806&markers=color%3Agreen%7Clabel%3A2%7C39.56306,-95.12139&markers=color%3Ared%7Clabel%3A2%7C41.01194,-76.84806"
5776,729,716,-13,"http://maps.google.com/maps/api/staticmap?size=500x500&sensor=false&maptype=road&markers=color%3Agreen%7Clabel%3A1%7C42.0,-88.0&markers=color%3Ared%7C42.11556,-75.95917&markers=color%3Agreen%7Clabel%3A2%7C42.0,-88.0&markers=color%3Ared%7Clabel%3A2%7C42.11556,-75.95917&markers=color%3Agreen%7Clabel%3A3%7C41.983,-88.283&markers=color%3Ared%7Clabel%3A3%7C41.40889,-75.66278"
5787,562,509,-53,"http://maps.google.com/maps/api/staticmap?size=500x500&sensor=false&maptype=road&markers=color%3Agreen%7Clabel%3A1%7C41.85,-87.65&markers=color%3Ared%7C39.62944,-79.95611&markers=color%3Agreen%7Clabel%3A2%7C41.85,-87.65&markers=color%3Ared%7Clabel%3A2%7C39.62944,-79.95611&markers=color%3Agreen%7Clabel%3A3%7C41.76278,-87.8&markers=color%3Ared%7Clabel%3A3%7C40.17333,-79.85778&markers=color%3Agreen%7Clabel%3A4%7C41.76278,-87.8&markers=color%3Ared%7Clabel%3A4%7C40.17333,-79.85778&markers=color%3Agreen%7Clabel%3A5%7C41.85,-87.65&markers=color%3Ared%7Clabel%3A5%7C40.44056,-79.99611"
5790,515,521,6,"http://maps.google.com/maps/api/staticmap?size=500x500&sensor=false&maptype=road&markers=color%3Agreen%7Clabel%3A1%7C41.85,-87.65&markers=color%3Ared%7C43.65,-79.383&markers=color%3Agreen%7Clabel%3A2%7C41.85,-87.65&markers=color%3Ared%7Clabel%3A2%7C43.65,-79.383&markers=color%3Agreen%7Clabel%3A3%7C41.85,-87.65&markers=color%3Ared%7Clabel%3A3%7C43.583,-79.65&markers=color%3Agreen%7Clabel%3A4%7C42.0,-88.0&markers=color%3Ared%7Clabel%3A4%7C43.65,-79.383&markers=color%3Agreen%7Clabel%3A5%7C41.955,-87.94&markers=color%3Ared%7Clabel%3A5%7C43.583,-79.65"
5800,959,959,0,"http://maps.google.com/maps/api/staticmap?size=500x500&sensor=false&maptype=road&markers=color%3Agreen%7Clabel%3A1%7C41.52444,-90.51556&markers=color%3Ared%7C42.82639,-73.96472&markers=color%3Agreen%7Clabel%3A2%7C41.52444,-90.51556&markers=color%3Ared%7Clabel%3A2%7C42.82639,-73.96472"
5814,1172,1190,18,"http://maps.google.com/maps/api/staticmap?size=500x500&sensor=false&maptype=road&markers=color%3Agreen%7Clabel%3A1%7C36.33194,-94.11833&markers=color%3Ared%7C40.33556,-75.92722&markers=color%3Agreen%7Clabel%3A2%7C36.33194,-94.11833&markers=color%3Ared%7Clabel%3A2%7C40.33556,-75.92722&markers=color%3Agreen%7Clabel%3A3%7C36.33194,-94.11833&markers=color%3Ared%7Clabel%3A3%7C39.9625,-76.72806"
5827,820,817,-3,"http://maps.google.com/maps/api/staticmap?size=500x500&sensor=false&maptype=road&markers=color%3Agreen%7Clabel%3A1%7C41.69861,-88.06833&markers=color%3Ared%7C38.36056,-75.59972&markers=color%3Agreen%7Clabel%3A2%7C41.69861,-88.06833&markers=color%3Ared%7Clabel%3A2%7C38.36056,-75.59972&markers=color%3Agreen%7Clabel%3A3%7C41.45528,-88.26167&markers=color%3Ared%7Clabel%3A3%7C39.15806,-75.52472"
5828,995,994,-1,"http://maps.google.com/maps/api/staticmap?size=500x500&sensor=false&maptype=road&markers=color%3Agreen%7Clabel%3A1%7C43.25,-89.333&markers=color%3Ared%7C45.45,-73.75&markers=color%3Agreen%7Clabel%3A2%7C43.25,-89.333&markers=color%3Ared%7Clabel%3A2%7C45.45,-73.75"
5830,612,612,0,"http://maps.google.com/maps/api/staticmap?size=500x500&sensor=false&maptype=road&markers=color%3Agreen%7Clabel%3A1%7C40.26278,-85.67583&markers=color%3Ared%7C41.39472,-75.70694&markers=color%3Agreen%7Clabel%3A2%7C40.26278,-85.67583&markers=color%3Ared%7Clabel%3A2%7C41.39472,-75.70694"
5840,737,751,14,"http://maps.google.com/maps/api/staticmap?size=500x500&sensor=false&maptype=road&markers=color%3Agreen%7Clabel%3A1%7C35.84222,-90.70417&markers=color%3Ared%7C40.96361,-81.33139&markers=color%3Agreen%7Clabel%3A2%7C35.84222,-90.70417&markers=color%3Ared%7Clabel%3A2%7C40.96361,-81.33139&markers=color%3Agreen%7Clabel%3A3%7C35.14944,-90.04889&markers=color%3Ared%7Clabel%3A3%7C41.15361,-81.35806&markers=color%3Agreen%7Clabel%3A4%7C35.14944,-90.04889&markers=color%3Ared%7Clabel%3A4%7C41.2375,-80.81861&markers=color%3Agreen%7Clabel%3A5%7C35.92722,-89.91889&markers=color%3Ared%7Clabel%3A5%7C41.45278,-82.1825"
5843,915,915,0,"http://maps.google.com/maps/api/staticmap?size=500x500&sensor=false&maptype=road&markers=color%3Agreen%7Clabel%3A1%7C42.03472,-93.61972&markers=color%3Ared%7C34.06583,-84.67694&markers=color%3Agreen%7Clabel%3A2%7C42.03472,-93.61972&markers=color%3Ared%7Clabel%3A2%7C34.06583,-84.67694&markers=color%3Agreen%7Clabel%3A3%7C42.03472,-93.61972&markers=color%3Ared%7Clabel%3A3%7C34.06583,-84.67694"
5855,436,431,-5,"http://maps.google.com/maps/api/staticmap?size=500x500&sensor=false&maptype=road&markers=color%3Agreen%7Clabel%3A1%7C43.03889,-87.90639&markers=color%3Ared%7C41.49944,-81.69556&markers=color%3Agreen%7Clabel%3A2%7C43.03889,-87.90639&markers=color%3Ared%7Clabel%3A2%7C41.49944,-81.69556&markers=color%3Agreen%7Clabel%3A3%7C43.01167,-88.23139&markers=color%3Ared%7Clabel%3A3%7C41.49944,-81.69556&markers=color%3Agreen%7Clabel%3A4%7C42.95972,-87.86139&markers=color%3Ared%7Clabel%3A4%7C41.38972,-81.44139"
5864,1274,1274,0,"http://maps.google.com/maps/api/staticmap?size=500x500&sensor=false&maptype=road&markers=color%3Agreen%7Clabel%3A1%7C36.15389,-95.9925&markers=color%3Ared%7C38.77417,-76.07667&markers=color%3Agreen%7Clabel%3A2%7C36.15389,-95.9925&markers=color%3Ared%7Clabel%3A2%7C38.77417,-76.07667"
5869,1353,1353,0,"http://maps.google.com/maps/api/staticmap?size=500x500&sensor=false&maptype=road&markers=color%3Agreen%7Clabel%3A1%7C44.98,-93.26361&markers=color%3Ared%7C32.77639,-79.93111&markers=color%3Agreen%7Clabel%3A2%7C44.98,-93.26361&markers=color%3Ared%7Clabel%3A2%7C32.77639,-79.93111"
5878,683,682,-1,"http://maps.google.com/maps/api/staticmap?size=500x500&sensor=false&maptype=road&markers=color%3Agreen%7Clabel%3A1%7C39.767,-94.833&markers=color%3Ared%7C37.56861,-84.29639&markers=color%3Agreen%7Clabel%3A2%7C39.767,-94.833&markers=color%3Ared%7Clabel%3A2%7C37.56861,-84.29639&markers=color%3Agreen%7Clabel%3A3%7C39.767,-94.833&markers=color%3Ared%7Clabel%3A3%7C37.56861,-84.29639"
5891,620,620,0,"http://maps.google.com/maps/api/staticmap?size=500x500&sensor=false&maptype=road&markers=color%3Agreen%7Clabel%3A1%7C43.68611,-88.54639&markers=color%3Ared%7C40.44056,-79.99611&markers=color%3Agreen%7Clabel%3A2%7C43.68611,-88.54639&markers=color%3Ared%7Clabel%3A2%7C40.44056,-79.99611"
5899,820,787,-33,"http://maps.google.com/maps/api/staticmap?size=500x500&sensor=false&maptype=road&markers=color%3Agreen%7Clabel%3A1%7C43.69806,-85.48361&markers=color%3Ared%7C41.57694,-73.40889&markers=color%3Agreen%7Clabel%3A2%7C43.69806,-85.48361&markers=color%3Ared%7Clabel%3A2%7C41.57694,-73.40889&markers=color%3Agreen%7Clabel%3A3%7C43.69806,-85.48361&markers=color%3Ared%7Clabel%3A3%7C41.57694,-73.40889&markers=color%3Agreen%7Clabel%3A4%7C43.23417,-86.24833&markers=color%3Ared%7Clabel%3A4%7C42.26667,-72.66944"
5909,330,330,0,"http://maps.google.com/maps/api/staticmap?size=500x500&sensor=false&maptype=road&markers=color%3Agreen%7Clabel%3A1%7C35.92722,-89.91889&markers=color%3Ared%7C32.50917,-92.11917&markers=color%3Agreen%7Clabel%3A2%7C35.92722,-89.91889&markers=color%3Ared%7Clabel%3A2%7C32.50917,-92.11917"
5957,702,702,0,"http://maps.google.com/maps/api/staticmap?size=500x500&sensor=false&maptype=road&markers=color%3Agreen%7Clabel%3A1%7C39.09972,-94.57833&markers=color%3Ared%7C38.73167,-82.99778&markers=color%3Agreen%7Clabel%3A2%7C39.09972,-94.57833&markers=color%3Ared%7Clabel%3A2%7C38.73167,-82.99778"
5981,434,434,0,"http://maps.google.com/maps/api/staticmap?size=500x500&sensor=false&maptype=road&markers=color%3Agreen%7Clabel%3A1%7C37.85194,-91.27667&markers=color%3Ared%7C39.26194,-84.82&markers=color%3Agreen%7Clabel%3A2%7C37.85194,-91.27667&markers=color%3Ared%7Clabel%3A2%7C39.26194,-84.82"
5982,384,379,-5,"http://maps.google.com/maps/api/staticmap?size=500x500&sensor=false&maptype=road&markers=color%3Agreen%7Clabel%3A1%7C43.44639,-85.27417&markers=color%3Ared%7C39.59944,-88.60778&markers=color%3Agreen%7Clabel%3A2%7C43.44639,-85.27417&markers=color%3Ared%7Clabel%3A2%7C39.59944,-88.60778&markers=color%3Agreen%7Clabel%3A3%7C43.69806,-85.48361&markers=color%3Ared%7Clabel%3A3%7C40.11639,-88.24333"
6003,923,923,0,"http://maps.google.com/maps/api/staticmap?size=500x500&sensor=false&maptype=road&markers=color%3Agreen%7Clabel%3A1%7C38.81,-94.93&markers=color%3Ared%7C31.72,-85.81611&markers=color%3Agreen%7Clabel%3A2%7C38.81,-94.93&markers=color%3Ared%7Clabel%3A2%7C31.72,-85.81611"
6012,809,809,0,"http://maps.google.com/maps/api/staticmap?size=500x500&sensor=false&maptype=road&markers=color%3Agreen%7Clabel%3A1%7C40.8,-96.66667&markers=color%3Ared%7C33.76889,-89.80833&markers=color%3Agreen%7Clabel%3A2%7C40.8,-96.66667&markers=color%3Ared%7Clabel%3A2%7C33.76889,-89.80833"
6013,1074,1074,0,"http://maps.google.com/maps/api/staticmap?size=500x500&sensor=false&maptype=road&markers=color%3Agreen%7Clabel%3A1%7C36.18667,-94.12861&markers=color%3Ared%7C30.33194,-81.65583&markers=color%3Agreen%7Clabel%3A2%7C36.18667,-94.12861&markers=color%3Ared%7Clabel%3A2%7C30.33194,-81.65583"
6016,1787,1787,0,"http://maps.google.com/maps/api/staticmap?size=500x500&sensor=false&maptype=road&markers=color%3Agreen%7Clabel%3A1%7C44.933,-93.083&markers=color%3Ared%7C25.77389,-80.19389&markers=color%3Agreen%7Clabel%3A2%7C44.933,-93.083&markers=color%3Ared%7Clabel%3A2%7C25.77389,-80.19389"
6024,1687,1687,0,"http://maps.google.com/maps/api/staticmap?size=500x500&sensor=false&maptype=road&markers=color%3Agreen%7Clabel%3A1%7C38.345,-98.20139&markers=color%3Ared%7C25.77389,-80.19389&markers=color%3Agreen%7Clabel%3A2%7C38.345,-98.20139&markers=color%3Ared%7Clabel%3A2%7C25.77389,-80.19389"
6040,297,287,-10,"http://maps.google.com/maps/api/staticmap?size=500x500&sensor=false&maptype=road&markers=color%3Agreen%7Clabel%3A1%7C39.76833,-86.15806&markers=color%3Ared%7C42.52944,-83.78028&markers=color%3Agreen%7Clabel%3A2%7C39.76833,-86.15806&markers=color%3Ared%7Clabel%3A2%7C42.52944,-83.78028&markers=color%3Agreen%7Clabel%3A3%7C39.76833,-86.15806&markers=color%3Ared%7Clabel%3A3%7C43.00778,-84.28472&markers=color%3Agreen%7Clabel%3A4%7C40.27944,-86.51083&markers=color%3Ared%7Clabel%3A4%7C42.69167,-83.55417&markers=color%3Agreen%7Clabel%3A5%7C40.04111,-86.87444&markers=color%3Ared%7Clabel%3A5%7C42.33139,-83.04583"
6061,674,688,14,"http://maps.google.com/maps/api/staticmap?size=500x500&sensor=false&maptype=road&markers=color%3Agreen%7Clabel%3A1%7C44.64972,-93.2425&markers=color%3Ared%7C41.66389,-83.55528&markers=color%3Agreen%7Clabel%3A2%7C44.64972,-93.2425&markers=color%3Ared%7Clabel%3A2%7C41.66389,-83.55528&markers=color%3Agreen%7Clabel%3A3%7C44.64972,-93.2425&markers=color%3Ared%7Clabel%3A3%7C42.33139,-83.04583&markers=color%3Agreen%7Clabel%3A4%7C44.78944,-93.60194&markers=color%3Ared%7Clabel%3A4%7C42.33139,-83.04583"
6075,685,685,0,"http://maps.google.com/maps/api/staticmap?size=500x500&sensor=false&maptype=road&markers=color%3Agreen%7Clabel%3A1%7C46.34333,-94.28639&markers=color%3Ared%7C38.633,-90.25&markers=color%3Agreen%7Clabel%3A2%7C46.34333,-94.28639&markers=color%3Ared%7Clabel%3A2%7C38.633,-90.25"
6090,578,578,0,"http://maps.google.com/maps/api/staticmap?size=500x500&sensor=false&maptype=road&markers=color%3Agreen%7Clabel%3A1%7C37.69222,-97.33722&markers=color%3Ared%7C35.14944,-90.04889&markers=color%3Agreen%7Clabel%3A2%7C37.69222,-97.33722&markers=color%3Ared%7Clabel%3A2%7C35.14944,-90.04889"
6095,305,292,-13,"http://maps.google.com/maps/api/staticmap?size=500x500&sensor=false&maptype=road&markers=color%3Agreen%7Clabel%3A1%7C39.52139,-85.77694&markers=color%3Ared%7C39.7625,-81.11556&markers=color%3Agreen%7Clabel%3A2%7C39.52139,-85.77694&markers=color%3Ared%7Clabel%3A2%7C39.7625,-81.11556&markers=color%3Agreen%7Clabel%3A3%7C39.76833,-86.15806&markers=color%3Ared%7Clabel%3A3%7C39.28639,-80.25639&markers=color%3Agreen%7Clabel%3A4%7C39.82889,-84.89028&markers=color%3Ared%7Clabel%3A4%7C40.36972,-80.63417"
6096,573,576,3,"http://maps.google.com/maps/api/staticmap?size=500x500&sensor=false&maptype=road&markers=color%3Agreen%7Clabel%3A1%7C37.08417,-94.51306&markers=color%3Ared%7C41.8875,-88.30528&markers=color%3Agreen%7Clabel%3A2%7C37.08417,-94.51306&markers=color%3Ared%7Clabel%3A2%7C41.8875,-88.30528&markers=color%3Agreen%7Clabel%3A3%7C36.87444,-94.87722&markers=color%3Ared%7Clabel%3A3%7C41.33083,-88.70806"
6097,357,355,-2,"http://maps.google.com/maps/api/staticmap?size=500x500&sensor=false&maptype=road&markers=color%3Agreen%7Clabel%3A1%7C41.5275,-86.7&markers=color%3Ared%7C38.21167,-89.99417&markers=color%3Agreen%7Clabel%3A2%7C41.5275,-86.7&markers=color%3Ared%7Clabel%3A2%7C38.21167,-89.99417&markers=color%3Agreen%7Clabel%3A3%7C41.5275,-86.7&markers=color%3Ared%7Clabel%3A3%7C38.21167,-89.99417&markers=color%3Agreen%7Clabel%3A4%7C41.57583,-87.17611&markers=color%3Ared%7Clabel%3A4%7C38.21167,-89.99417&markers=color%3Agreen%7Clabel%3A5%7C41.57583,-87.17611&markers=color%3Ared%7Clabel%3A5%7C38.633,-90.25"
6105,812,812,0,"http://maps.google.com/maps/api/staticmap?size=500x500&sensor=false&maptype=road&markers=color%3Agreen%7Clabel%3A1%7C38.06083,-97.92944&markers=color%3Ared%7C38.04917,-84.50028&markers=color%3Agreen%7Clabel%3A2%7C38.06083,-97.92944&markers=color%3Ared%7Clabel%3A2%7C38.04917,-84.50028&markers=color%3Agreen%7Clabel%3A3%7C38.06083,-97.92944&markers=color%3Ared%7Clabel%3A3%7C38.04917,-84.50028&markers=color%3Agreen%7Clabel%3A4%7C38.06083,-97.92944&markers=color%3Ared%7Clabel%3A4%7C38.04917,-84.50028&markers=color%3Agreen%7Clabel%3A5%7C38.06083,-97.92944&markers=color%3Ared%7Clabel%3A5%7C38.04917,-84.50028"
6162,328,328,0,"http://maps.google.com/maps/api/staticmap?size=500x500&sensor=false&maptype=road&markers=color%3Agreen%7Clabel%3A1%7C39.45,-87.45&markers=color%3Ared%7C43.58694,-88.37056&markers=color%3Agreen%7Clabel%3A2%7C39.45,-87.45&markers=color%3Ared%7Clabel%3A2%7C43.58694,-88.37056"
6170,452,460,8,"http://maps.google.com/maps/api/staticmap?size=500x500&sensor=false&maptype=road&markers=color%3Agreen%7Clabel%3A1%7C41.43194,-85.02&markers=color%3Ared%7C43.15472,-77.61583&markers=color%3Agreen%7Clabel%3A2%7C41.43194,-85.02&markers=color%3Ared%7Clabel%3A2%7C43.15472,-77.61583&markers=color%3Agreen%7Clabel%3A3%7C41.43194,-85.02&markers=color%3Ared%7Clabel%3A3%7C43.15472,-77.61583&markers=color%3Agreen%7Clabel%3A4%7C41.117,-85.117&markers=color%3Ared%7Clabel%3A4%7C43.15472,-77.61583&markers=color%3Agreen%7Clabel%3A5%7C41.117,-85.117&markers=color%3Ared%7Clabel%3A5%7C43.15472,-77.61583"
6176,284,306,22,"http://maps.google.com/maps/api/staticmap?size=500x500&sensor=false&maptype=road&markers=color%3Agreen%7Clabel%3A1%7C41.43333,-96.49778&markers=color%3Ared%7C41.667,-91.333&markers=color%3Agreen%7Clabel%3A2%7C41.43333,-96.49778&markers=color%3Ared%7Clabel%3A2%7C41.667,-91.333&markers=color%3Agreen%7Clabel%3A3%7C40.8,-96.66667&markers=color%3Ared%7Clabel%3A3%7C40.95,-91.55"
6191,226,222,-4,"http://maps.google.com/maps/api/staticmap?size=500x500&sensor=false&maptype=road&markers=color%3Agreen%7Clabel%3A1%7C44.81139,-91.49833&markers=color%3Ared%7C43.42528,-88.18333&markers=color%3Agreen%7Clabel%3A2%7C44.81139,-91.49833&markers=color%3Ared%7Clabel%3A2%7C43.42528,-88.18333&markers=color%3Agreen%7Clabel%3A3%7C44.81139,-91.49833&markers=color%3Ared%7Clabel%3A3%7C43.42528,-88.18333&markers=color%3Agreen%7Clabel%3A4%7C44.81139,-91.49833&markers=color%3Ared%7Clabel%3A4%7C43.22861,-88.11028&markers=color%3Agreen%7Clabel%3A5%7C44.81139,-91.49833&markers=color%3Ared%7Clabel%3A5%7C43.77306,-88.44694"
6198,107,107,0,"http://maps.google.com/maps/api/staticmap?size=500x500&sensor=false&maptype=road&markers=color%3Agreen%7Clabel%3A1%7C42.71028,-92.58278&markers=color%3Ared%7C41.66111,-91.53&markers=color%3Agreen%7Clabel%3A2%7C42.71028,-92.58278&markers=color%3Ared%7Clabel%3A2%7C41.66111,-91.53&markers=color%3Agreen%7Clabel%3A3%7C42.71028,-92.58278&markers=color%3Ared%7Clabel%3A3%7C41.66111,-91.53&markers=color%3Agreen%7Clabel%3A4%7C42.71028,-92.58278&markers=color%3Ared%7Clabel%3A4%7C41.66111,-91.53&markers=color%3Agreen%7Clabel%3A5%7C42.71028,-92.58278&markers=color%3Ared%7Clabel%3A5%7C41.66111,-91.53"
6203,274,266,-8,"http://maps.google.com/maps/api/staticmap?size=500x500&sensor=false&maptype=road&markers=color%3Agreen%7Clabel%3A1%7C39.52139,-85.77694&markers=color%3Ared%7C40.50667,-81.785&markers=color%3Agreen%7Clabel%3A2%7C39.52139,-85.77694&markers=color%3Ared%7Clabel%3A2%7C40.50667,-81.785&markers=color%3Agreen%7Clabel%3A3%7C39.48056,-86.055&markers=color%3Ared%7Clabel%3A3%7C41.31361,-81.50861&markers=color%3Agreen%7Clabel%3A4%7C39.82889,-84.89028&markers=color%3Ared%7Clabel%3A4%7C40.79889,-81.37861&markers=color%3Agreen%7Clabel%3A5%7C39.82889,-84.89028&markers=color%3Ared%7Clabel%3A5%7C41.08139,-81.51917"
6210,885,884,-1,"http://maps.google.com/maps/api/staticmap?size=500x500&sensor=false&maptype=road&markers=color%3Agreen%7Clabel%3A1%7C40.20194,-100.62528&markers=color%3Ared%7C42.7875,-86.10889&markers=color%3Agreen%7Clabel%3A2%7C40.20194,-100.62528&markers=color%3Ared%7Clabel%3A2%7C42.7875,-86.10889"
6221,285,285,0,"http://maps.google.com/maps/api/staticmap?size=500x500&sensor=false&maptype=road&markers=color%3Agreen%7Clabel%3A1%7C41.61056,-86.7225&markers=color%3Ared%7C42.97083,-82.425&markers=color%3Agreen%7Clabel%3A2%7C41.61056,-86.7225&markers=color%3Ared%7Clabel%3A2%7C42.97083,-82.425&markers=color%3Agreen%7Clabel%3A3%7C41.61056,-86.7225&markers=color%3Ared%7Clabel%3A3%7C42.97083,-82.425"
6224,177,174,-3,"http://maps.google.com/maps/api/staticmap?size=500x500&sensor=false&maptype=road&markers=color%3Agreen%7Clabel%3A1%7C41.85,-87.65&markers=color%3Ared%7C41.52361,-90.5775&markers=color%3Agreen%7Clabel%3A2%7C41.85,-87.65&markers=color%3Ared%7Clabel%3A2%7C41.52361,-90.5775&markers=color%3Agreen%7Clabel%3A3%7C41.8,-88.317&markers=color%3Ared%7Clabel%3A3%7C41.52361,-90.5775&markers=color%3Agreen%7Clabel%3A4%7C41.66278,-88.53694&markers=color%3Ared%7Clabel%3A4%7C41.52361,-90.5775&markers=color%3Agreen%7Clabel%3A5%7C41.66278,-88.53694&markers=color%3Ared%7Clabel%3A5%7C41.42444,-91.04306"
6227,812,812,0,"http://maps.google.com/maps/api/staticmap?size=500x500&sensor=false&maptype=road&markers=color%3Agreen%7Clabel%3A1%7C38.06083,-97.92944&markers=color%3Ared%7C38.04917,-84.50028&markers=color%3Agreen%7Clabel%3A2%7C38.06083,-97.92944&markers=color%3Ared%7Clabel%3A2%7C38.04917,-84.50028&markers=color%3Agreen%7Clabel%3A3%7C38.06083,-97.92944&markers=color%3Ared%7Clabel%3A3%7C38.04917,-84.50028&markers=color%3Agreen%7Clabel%3A4%7C38.06083,-97.92944&markers=color%3Ared%7Clabel%3A4%7C38.04917,-84.50028&markers=color%3Agreen%7Clabel%3A5%7C38.06083,-97.92944&markers=color%3Ared%7Clabel%3A5%7C38.04917,-84.50028"
6231,361,377,16,"http://maps.google.com/maps/api/staticmap?size=500x500&sensor=false&maptype=road&markers=color%3Agreen%7Clabel%3A1%7C44.26194,-88.41528&markers=color%3Ared%7C41.117,-85.117&markers=color%3Agreen%7Clabel%3A2%7C44.26194,-88.41528&markers=color%3Ared%7Clabel%3A2%7C41.117,-85.117&markers=color%3Agreen%7Clabel%3A3%7C44.51917,-88.01972&markers=color%3Ared%7Clabel%3A3%7C41.44139,-85.265"
6237,858,858,0,"http://maps.google.com/maps/api/staticmap?size=500x500&sensor=false&maptype=road&markers=color%3Agreen%7Clabel%3A1%7C37.64389,-98.73722&markers=color%3Ared%7C38.04917,-84.50028&markers=color%3Agreen%7Clabel%3A2%7C37.64389,-98.73722&markers=color%3Ared%7Clabel%3A2%7C38.04917,-84.50028&markers=color%3Agreen%7Clabel%3A3%7C37.64389,-98.73722&markers=color%3Ared%7Clabel%3A3%7C38.04917,-84.50028&markers=color%3Agreen%7Clabel%3A4%7C37.64389,-98.73722&markers=color%3Ared%7Clabel%3A4%7C38.04917,-84.50028&markers=color%3Agreen%7Clabel%3A5%7C37.64389,-98.73722&markers=color%3Ared%7Clabel%3A5%7C38.04917,-84.50028"
6244,147,148,1,"http://maps.google.com/maps/api/staticmap?size=500x500&sensor=false&maptype=road&markers=color%3Agreen%7Clabel%3A1%7C41.66278,-88.53694&markers=color%3Ared%7C41.42444,-91.04306&markers=color%3Agreen%7Clabel%3A2%7C41.66278,-88.53694&markers=color%3Ared%7Clabel%3A2%7C41.42444,-91.04306&markers=color%3Agreen%7Clabel%3A3%7C41.66278,-88.53694&markers=color%3Ared%7Clabel%3A3%7C41.42444,-91.04306&markers=color%3Agreen%7Clabel%3A4%7C41.66278,-88.53694&markers=color%3Ared%7Clabel%3A4%7C41.52361,-90.5775&markers=color%3Agreen%7Clabel%3A5%7C41.66278,-88.53694&markers=color%3Ared%7Clabel%3A5%7C41.66111,-91.53"
6252,865,874,9,"http://maps.google.com/maps/api/staticmap?size=500x500&sensor=false&maptype=road&markers=color%3Agreen%7Clabel%3A1%7C35.92722,-89.91889&markers=color%3Ared%7C43.383,-80.317&markers=color%3Agreen%7Clabel%3A2%7C35.92722,-89.91889&markers=color%3Ared%7Clabel%3A2%7C43.383,-80.317&markers=color%3Agreen%7Clabel%3A3%7C35.81972,-88.91583&markers=color%3Ared%7Clabel%3A3%7C43.583,-79.65"
6276,972,972,0,"http://maps.google.com/maps/api/staticmap?size=500x500&sensor=false&maptype=road&markers=color%3Agreen%7Clabel%3A1%7C38.345,-98.20139&markers=color%3Ared%7C40.805,-81.93528&markers=color%3Agreen%7Clabel%3A2%7C38.345,-98.20139&markers=color%3Ared%7Clabel%3A2%7C40.805,-81.93528"
6280,584,584,0,"http://maps.google.com/maps/api/staticmap?size=500x500&sensor=false&maptype=road&markers=color%3Agreen%7Clabel%3A1%7C42.5,-96.4&markers=color%3Ared%7C40.12444,-87.63&markers=color%3Agreen%7Clabel%3A2%7C42.5,-96.4&markers=color%3Ared%7Clabel%3A2%7C40.12444,-87.63"
6287,230,230,0,"http://maps.google.com/maps/api/staticmap?size=500x500&sensor=false&maptype=road&markers=color%3Agreen%7Clabel%3A1%7C39.46667,-87.41389&markers=color%3Ared%7C37.30583,-89.51806&markers=color%3Agreen%7Clabel%3A2%7C39.46667,-87.41389&markers=color%3Ared%7Clabel%3A2%7C37.30583,-89.51806&markers=color%3Agreen%7Clabel%3A3%7C39.46667,-87.41389&markers=color%3Ared%7Clabel%3A3%7C37.30583,-89.51806&markers=color%3Agreen%7Clabel%3A4%7C39.46667,-87.41389&markers=color%3Ared%7Clabel%3A4%7C37.73056,-88.93306&markers=color%3Agreen%7Clabel%3A5%7C39.46667,-87.41389&markers=color%3Ared%7Clabel%3A5%7C37.73056,-88.93306"
6290,586,586,0,"http://maps.google.com/maps/api/staticmap?size=500x500&sensor=false&maptype=road&markers=color%3Agreen%7Clabel%3A1%7C36.33861,-89.16389&markers=color%3Ared%7C43.58694,-88.37056&markers=color%3Agreen%7Clabel%3A2%7C36.33861,-89.16389&markers=color%3Ared%7Clabel%3A2%7C43.58694,-88.37056&markers=color%3Agreen%7Clabel%3A3%7C36.33861,-89.16389&markers=color%3Ared%7Clabel%3A3%7C43.58694,-88.37056&markers=color%3Agreen%7Clabel%3A4%7C36.33861,-89.16389&markers=color%3Ared%7Clabel%3A4%7C43.58694,-88.37056"
6301,293,293,0,"http://maps.google.com/maps/api/staticmap?size=500x500&sensor=false&maptype=road&markers=color%3Agreen%7Clabel%3A1%7C44.81139,-91.49833&markers=color%3Ared%7C44.89944,-97.11472&markers=color%3Agreen%7Clabel%3A2%7C44.81139,-91.49833&markers=color%3Ared%7Clabel%3A2%7C44.89944,-97.11472&markers=color%3Agreen%7Clabel%3A3%7C44.81139,-91.49833&markers=color%3Ared%7Clabel%3A3%7C44.89944,-97.11472"
6302,388,383,-5,"http://maps.google.com/maps/api/staticmap?size=500x500&sensor=false&maptype=road&markers=color%3Agreen%7Clabel%3A1%7C41.33222,-87.78528&markers=color%3Ared%7C44.02167,-92.46972&markers=color%3Agreen%7Clabel%3A2%7C41.33222,-87.78528&markers=color%3Ared%7Clabel%3A2%7C44.02167,-92.46972&markers=color%3Agreen%7Clabel%3A3%7C41.85,-87.65&markers=color%3Ared%7Clabel%3A3%7C44.02806,-92.85444&markers=color%3Agreen%7Clabel%3A4%7C41.525,-88.08167&markers=color%3Ared%7Clabel%3A4%7C43.64806,-93.36806"
6321,179,178,-1,"http://maps.google.com/maps/api/staticmap?size=500x500&sensor=false&maptype=road&markers=color%3Agreen%7Clabel%3A1%7C44.81139,-91.49833&markers=color%3Ared%7C44.26194,-88.41528&markers=color%3Agreen%7Clabel%3A2%7C44.81139,-91.49833&markers=color%3Ared%7Clabel%3A2%7C44.26194,-88.41528&markers=color%3Agreen%7Clabel%3A3%7C44.81139,-91.49833&markers=color%3Ared%7Clabel%3A3%7C44.26194,-88.41528&markers=color%3Agreen%7Clabel%3A4%7C44.81139,-91.49833&markers=color%3Ared%7Clabel%3A4%7C44.44889,-88.06028&markers=color%3Agreen%7Clabel%3A5%7C44.81139,-91.49833&markers=color%3Ared%7Clabel%3A5%7C44.54361,-88.08806"
6323,136,136,0,"http://maps.google.com/maps/api/staticmap?size=500x500&sensor=false&maptype=road&markers=color%3Agreen%7Clabel%3A1%7C47.41,-92.65&markers=color%3Ared%7C46.34333,-94.28639&markers=color%3Agreen%7Clabel%3A2%7C47.41,-92.65&markers=color%3Ared%7Clabel%3A2%7C46.34333,-94.28639"
6340,107,107,0,"http://maps.google.com/maps/api/staticmap?size=500x500&sensor=false&maptype=road&markers=color%3Agreen%7Clabel%3A1%7C42.71028,-92.58278&markers=color%3Ared%7C41.66111,-91.53&markers=color%3Agreen%7Clabel%3A2%7C42.71028,-92.58278&markers=color%3Ared%7Clabel%3A2%7C41.66111,-91.53&markers=color%3Agreen%7Clabel%3A3%7C42.71028,-92.58278&markers=color%3Ared%7Clabel%3A3%7C41.66111,-91.53&markers=color%3Agreen%7Clabel%3A4%7C42.71028,-92.58278&markers=color%3Ared%7Clabel%3A4%7C41.66111,-91.53&markers=color%3Agreen%7Clabel%3A5%7C42.71028,-92.58278&markers=color%3Ared%7Clabel%3A5%7C41.66111,-91.53"
6347,204,205,1,"http://maps.google.com/maps/api/staticmap?size=500x500&sensor=false&maptype=road&markers=color%3Agreen%7Clabel%3A1%7C42.71028,-92.58278&markers=color%3Ared%7C44.933,-93.083&markers=color%3Agreen%7Clabel%3A2%7C42.71028,-92.58278&markers=color%3Ared%7Clabel%3A2%7C44.933,-93.083&markers=color%3Agreen%7Clabel%3A3%7C42.71028,-92.58278&markers=color%3Ared%7Clabel%3A3%7C44.933,-93.083&markers=color%3Agreen%7Clabel%3A4%7C42.71028,-92.58278&markers=color%3Ared%7Clabel%3A4%7C44.933,-93.083&markers=color%3Agreen%7Clabel%3A5%7C42.71028,-92.58278&markers=color%3Ared%7Clabel%3A5%7C44.933,-93.083"
6362,236,236,0,"http://maps.google.com/maps/api/staticmap?size=500x500&sensor=false&maptype=road&markers=color%3Agreen%7Clabel%3A1%7C42.71028,-92.58278&markers=color%3Ared%7C45.17194,-93.87444&markers=color%3Agreen%7Clabel%3A2%7C42.71028,-92.58278&markers=color%3Ared%7Clabel%3A2%7C45.17194,-93.87444&markers=color%3Agreen%7Clabel%3A3%7C42.71028,-92.58278&markers=color%3Ared%7Clabel%3A3%7C45.17194,-93.87444&markers=color%3Agreen%7Clabel%3A4%7C42.71028,-92.58278&markers=color%3Ared%7Clabel%3A4%7C45.17194,-93.87444&markers=color%3Agreen%7Clabel%3A5%7C42.71028,-92.58278&markers=color%3Ared%7Clabel%3A5%7C45.17194,-93.87444"
6368,403,409,6,"http://maps.google.com/maps/api/staticmap?size=500x500&sensor=false&maptype=road&markers=color%3Agreen%7Clabel%3A1%7C42.71028,-92.58278&markers=color%3Ared%7C46.81722,-95.845&markers=color%3Agreen%7Clabel%3A2%7C42.71028,-92.58278&markers=color%3Ared%7Clabel%3A2%7C46.81722,-95.845&markers=color%3Agreen%7Clabel%3A3%7C42.71028,-92.58278&markers=color%3Ared%7Clabel%3A3%7C46.81722,-95.845&markers=color%3Agreen%7Clabel%3A4%7C42.71028,-92.58278&markers=color%3Ared%7Clabel%3A4%7C46.81722,-95.845&markers=color%3Agreen%7Clabel%3A5%7C42.71028,-92.58278&markers=color%3Ared%7Clabel%3A5%7C46.81722,-95.845"
6390,419,420,1,"http://maps.google.com/maps/api/staticmap?size=500x500&sensor=false&maptype=road&markers=color%3Agreen%7Clabel%3A1%7C42.71028,-92.58278&markers=color%3Ared%7C47.47361,-94.88&markers=color%3Agreen%7Clabel%3A2%7C42.71028,-92.58278&markers=color%3Ared%7Clabel%3A2%7C47.47361,-94.88&markers=color%3Agreen%7Clabel%3A3%7C42.71028,-92.58278&markers=color%3Ared%7Clabel%3A3%7C47.47361,-94.88&markers=color%3Agreen%7Clabel%3A4%7C42.71028,-92.58278&markers=color%3Ared%7Clabel%3A4%7C47.47361,-94.88&markers=color%3Agreen%7Clabel%3A5%7C42.71028,-92.58278&markers=color%3Ared%7Clabel%3A5%7C47.47361,-94.88"
6432,348,354,6,"http://maps.google.com/maps/api/staticmap?size=500x500&sensor=false&maptype=road&markers=color%3Agreen%7Clabel%3A1%7C37.08417,-94.51306&markers=color%3Ared%7C41.25861,-95.9375&markers=color%3Agreen%7Clabel%3A2%7C37.08417,-94.51306&markers=color%3Ared%7Clabel%3A2%7C41.25861,-95.9375&markers=color%3Agreen%7Clabel%3A3%7C37.08417,-94.51306&markers=color%3Ared%7Clabel%3A3%7C41.25861,-95.9375&markers=color%3Agreen%7Clabel%3A4%7C36.86889,-94.36778&markers=color%3Ared%7Clabel%3A4%7C41.25861,-95.9375&markers=color%3Agreen%7Clabel%3A5%7C37.08417,-94.51306&markers=color%3Ared%7Clabel%3A5%7C40.8,-96.66667"
6441,191,192,1,"http://maps.google.com/maps/api/staticmap?size=500x500&sensor=false&maptype=road&markers=color%3Agreen%7Clabel%3A1%7C40.86806,-97.59167&markers=color%3Ared%7C39.767,-94.833&markers=color%3Agreen%7Clabel%3A2%7C40.86806,-97.59167&markers=color%3Ared%7Clabel%3A2%7C39.767,-94.833&markers=color%3Agreen%7Clabel%3A3%7C40.86806,-97.59167&markers=color%3Ared%7Clabel%3A3%7C39.767,-94.833&markers=color%3Agreen%7Clabel%3A4%7C40.86806,-97.59167&markers=color%3Ared%7Clabel%3A4%7C39.767,-94.833"
6459,202,203,1,"http://maps.google.com/maps/api/staticmap?size=500x500&sensor=false&maptype=road&markers=color%3Agreen%7Clabel%3A1%7C39.11417,-94.62722&markers=color%3Ared%7C41.567,-93.7&markers=color%3Agreen%7Clabel%3A2%7C39.11417,-94.62722&markers=color%3Ared%7Clabel%3A2%7C41.567,-93.7&markers=color%3Agreen%7Clabel%3A3%7C39.09111,-94.41528&markers=color%3Ared%7Clabel%3A3%7C42.05972,-93.88&markers=color%3Agreen%7Clabel%3A4%7C38.97167,-95.235&markers=color%3Ared%7Clabel%3A4%7C42.03472,-93.61972"
6477,653,646,-7,"http://maps.google.com/maps/api/staticmap?size=500x500&sensor=false&maptype=road&markers=color%3Agreen%7Clabel%3A1%7C39.86389,-86.46694&markers=color%3Ared%7C42.5,-96.4&markers=color%3Agreen%7Clabel%3A2%7C39.86389,-86.46694&markers=color%3Ared%7Clabel%3A2%7C42.5,-96.4&markers=color%3Agreen%7Clabel%3A3%7C39.70417,-86.39944&markers=color%3Ared%7Clabel%3A3%7C42.5,-96.4&markers=color%3Agreen%7Clabel%3A4%7C39.76833,-86.15806&markers=color%3Ared%7Clabel%3A4%7C42.02833,-97.41667&markers=color%3Agreen%7Clabel%3A5%7C40.04111,-86.87444&markers=color%3Ared%7Clabel%3A5%7C42.02833,-97.41667"
6486,514,520,6,"http://maps.google.com/maps/api/staticmap?size=500x500&sensor=false&maptype=road&markers=color%3Agreen%7Clabel%3A1%7C35.92722,-89.91889&markers=color%3Ared%7C42.28306,-87.95306&markers=color%3Agreen%7Clabel%3A2%7C35.92722,-89.91889&markers=color%3Ared%7Clabel%3A2%7C42.28306,-87.95306&markers=color%3Agreen%7Clabel%3A3%7C35.14944,-90.04889&markers=color%3Ared%7Clabel%3A3%7C42.24111,-88.31611&markers=color%3Agreen%7Clabel%3A4%7C35.14944,-90.04889&markers=color%3Ared%7Clabel%3A4%7C41.99944,-88.145&markers=color%3Agreen%7Clabel%3A5%7C35.14944,-90.04889&markers=color%3Ared%7Clabel%3A5%7C41.95583,-87.87083"
6519,451,447,-4,"http://maps.google.com/maps/api/staticmap?size=500x500&sensor=false&maptype=road&markers=color%3Agreen%7Clabel%3A1%7C36.18667,-94.12861&markers=color%3Ared%7C40.62778,-96.96111&markers=color%3Agreen%7Clabel%3A2%7C36.18667,-94.12861&markers=color%3Ared%7Clabel%3A2%7C40.62778,-96.96111&markers=color%3Agreen%7Clabel%3A3%7C36.18667,-94.12861&markers=color%3Ared%7Clabel%3A3%7C40.86806,-97.59167&markers=color%3Agreen%7Clabel%3A4%7C36.96389,-93.79556&markers=color%3Ared%7Clabel%3A4%7C40.86722,-98.00389"
6553,570,572,2,"http://maps.google.com/maps/api/staticmap?size=500x500&sensor=false&maptype=road&markers=color%3Agreen%7Clabel%3A1%7C40.04111,-86.87444&markers=color%3Ared%7C45.01056,-93.45528&markers=color%3Agreen%7Clabel%3A2%7C40.04111,-86.87444&markers=color%3Ared%7Clabel%3A2%7C45.01056,-93.45528&markers=color%3Agreen%7Clabel%3A3%7C39.70417,-86.39944&markers=color%3Ared%7Clabel%3A3%7C45.01056,-93.45528&markers=color%3Agreen%7Clabel%3A4%7C39.70417,-86.39944&markers=color%3Ared%7Clabel%3A4%7C45.0725,-93.45556&markers=color%3Agreen%7Clabel%3A5%7C39.70417,-86.39944&markers=color%3Ared%7Clabel%3A5%7C44.817,-93.183"
6554,283,279,-4,"http://maps.google.com/maps/api/staticmap?size=500x500&sensor=false&maptype=road&markers=color%3Agreen%7Clabel%3A1%7C44.467,-89.3&markers=color%3Ared%7C45.55,-94.15&markers=color%3Agreen%7Clabel%3A2%7C44.467,-89.3&markers=color%3Ared%7Clabel%3A2%7C45.55,-94.15&markers=color%3Agreen%7Clabel%3A3%7C44.467,-89.3&markers=color%3Ared%7Clabel%3A3%7C45.0725,-93.45556&markers=color%3Agreen%7Clabel%3A4%7C44.467,-89.3&markers=color%3Ared%7Clabel%3A4%7C45.01056,-93.45528&markers=color%3Agreen%7Clabel%3A5%7C44.467,-89.3&markers=color%3Ared%7Clabel%3A5%7C45.12,-93.2875"
6568,1220,1241,21,"http://maps.google.com/maps/api/staticmap?size=500x500&sensor=false&maptype=road&markers=color%3Agreen%7Clabel%3A1%7C39.17528,-89.65417&markers=color%3Ared%7C48.13334,-103.63333&markers=color%3Agreen%7Clabel%3A2%7C39.17528,-89.65417&markers=color%3Ared%7Clabel%3A2%7C48.13334,-103.63333&markers=color%3Agreen%7Clabel%3A3%7C38.83333,-90.09583&markers=color%3Ared%7Clabel%3A3%7C48.13334,-103.63333"
6578,600,603,3,"http://maps.google.com/maps/api/staticmap?size=500x500&sensor=false&maptype=road&markers=color%3Agreen%7Clabel%3A1%7C41.31278,-96.34583&markers=color%3Ared%7C46.80833,-100.78333&markers=color%3Agreen%7Clabel%3A2%7C41.31278,-96.34583&markers=color%3Ared%7Clabel%3A2%7C46.80833,-100.78333&markers=color%3Agreen%7Clabel%3A3%7C41.31278,-96.34583&markers=color%3Ared%7Clabel%3A3%7C46.80833,-100.78333&markers=color%3Agreen%7Clabel%3A4%7C41.31278,-96.34583&markers=color%3Ared%7Clabel%3A4%7C46.80833,-100.78333&markers=color%3Agreen%7Clabel%3A5%7C41.31278,-96.34583&markers=color%3Ared%7Clabel%3A5%7C46.80833,-100.78333"
6582,717,689,-28,"http://maps.google.com/maps/api/staticmap?size=500x500&sensor=false&maptype=road&markers=color%3Agreen%7Clabel%3A1%7C41.28694,-96.28528&markers=color%3Ared%7C42.86667,-106.3125&markers=color%3Agreen%7Clabel%3A2%7C41.28694,-96.28528&markers=color%3Ared%7Clabel%3A2%7C42.86667,-106.3125&markers=color%3Agreen%7Clabel%3A3%7C41.31278,-96.34583&markers=color%3Ared%7Clabel%3A3%7C42.86667,-106.3125&markers=color%3Agreen%7Clabel%3A4%7C41.31278,-96.34583&markers=color%3Ared%7Clabel%3A4%7C42.86667,-106.3125&markers=color%3Agreen%7Clabel%3A5%7C41.31278,-96.34583&markers=color%3Ared%7Clabel%3A5%7C42.86667,-106.3125"
6583,474,474,0,"http://maps.google.com/maps/api/staticmap?size=500x500&sensor=false&maptype=road&markers=color%3Agreen%7Clabel%3A1%7C45.54611,-90.28639&markers=color%3Ared%7C47.92528,-97.0325&markers=color%3Agreen%7Clabel%3A2%7C45.54611,-90.28639&markers=color%3Ared%7Clabel%3A2%7C47.92528,-97.0325"
6589,342,342,0,"http://maps.google.com/maps/api/staticmap?size=500x500&sensor=false&maptype=road&markers=color%3Agreen%7Clabel%3A1%7C37.70972,-95.69722&markers=color%3Ared%7C41.60056,-93.60889&markers=color%3Agreen%7Clabel%3A2%7C37.70972,-95.69722&markers=color%3Ared%7Clabel%3A2%7C41.60056,-93.60889"
6591,495,491,-4,"http://maps.google.com/maps/api/staticmap?size=500x500&sensor=false&maptype=road&markers=color%3Agreen%7Clabel%3A1%7C41.31278,-96.34583&markers=color%3Ared%7C41.14,-104.81972&markers=color%3Agreen%7Clabel%3A2%7C41.31278,-96.34583&markers=color%3Ared%7Clabel%3A2%7C41.14,-104.81972&markers=color%3Agreen%7Clabel%3A3%7C41.28694,-96.28528&markers=color%3Ared%7Clabel%3A3%7C41.14,-104.81972"
6592,782,774,-8,"http://maps.google.com/maps/api/staticmap?size=500x500&sensor=false&maptype=road&markers=color%3Agreen%7Clabel%3A1%7C36.18889,-95.74556&markers=color%3Ared%7C40.70389,-105.00806&markers=color%3Agreen%7Clabel%3A2%7C36.18889,-95.74556&markers=color%3Ared%7Clabel%3A2%7C40.70389,-105.00806&markers=color%3Agreen%7Clabel%3A3%7C36.18889,-95.74556&markers=color%3Ared%7Clabel%3A3%7C40.70389,-105.00806&markers=color%3Agreen%7Clabel%3A4%7C36.18889,-95.74556&markers=color%3Ared%7Clabel%3A4%7C40.70389,-105.00806&markers=color%3Agreen%7Clabel%3A5%7C36.18889,-95.74556&markers=color%3Ared%7Clabel%3A5%7C39.82222,-104.93333"
6597,516,518,2,"http://maps.google.com/maps/api/staticmap?size=500x500&sensor=false&maptype=road&markers=color%3Agreen%7Clabel%3A1%7C41.31278,-96.34583&markers=color%3Ared%7C44.08056,-103.23056&markers=color%3Agreen%7Clabel%3A2%7C41.31278,-96.34583&markers=color%3Ared%7Clabel%3A2%7C44.08056,-103.23056&markers=color%3Agreen%7Clabel%3A3%7C41.31278,-96.34583&markers=color%3Ared%7Clabel%3A3%7C44.08056,-103.23056&markers=color%3Agreen%7Clabel%3A4%7C41.31278,-96.34583&markers=color%3Ared%7Clabel%3A4%7C44.08056,-103.23056&markers=color%3Agreen%7Clabel%3A5%7C41.31278,-96.34583&markers=color%3Ared%7Clabel%3A5%7C44.08056,-103.23056"
6606,610,611,1,"http://maps.google.com/maps/api/staticmap?size=500x500&sensor=false&maptype=road&markers=color%3Agreen%7Clabel%3A1%7C45.39333,-93.87667&markers=color%3Ared%7C48.13334,-103.63333&markers=color%3Agreen%7Clabel%3A2%7C45.39333,-93.87667&markers=color%3Ared%7Clabel%3A2%7C48.13334,-103.63333&markers=color%3Agreen%7Clabel%3A3%7C45.55,-94.15&markers=color%3Ared%7Clabel%3A3%7C48.13334,-103.63333"
6607,835,834,-1,"http://maps.google.com/maps/api/staticmap?size=500x500&sensor=false&maptype=road&markers=color%3Agreen%7Clabel%3A1%7C42.48417,-91.45528&markers=color%3Ared%7C39.82667,-104.92833&markers=color%3Agreen%7Clabel%3A2%7C42.48417,-91.45528&markers=color%3Ared%7Clabel%3A2%7C39.82667,-104.92833"
6608,842,841,-1,"http://maps.google.com/maps/api/staticmap?size=500x500&sensor=false&maptype=road&markers=color%3Agreen%7Clabel%3A1%7C42.48417,-91.45528&markers=color%3Ared%7C48.56278,-102.6475&markers=color%3Agreen%7Clabel%3A2%7C42.48417,-91.45528&markers=color%3Ared%7Clabel%3A2%7C48.56278,-102.6475"
6613,231,239,8,"http://maps.google.com/maps/api/staticmap?size=500x500&sensor=false&maptype=road&markers=color%3Agreen%7Clabel%3A1%7C39.09111,-94.41528&markers=color%3Ared%7C42.05972,-93.88&markers=color%3Agreen%7Clabel%3A2%7C39.09111,-94.41528&markers=color%3Ared%7Clabel%3A2%7C42.05972,-93.88&markers=color%3Agreen%7Clabel%3A3%7C39.11417,-94.62722&markers=color%3Ared%7Clabel%3A3%7C41.567,-93.7&markers=color%3Agreen%7Clabel%3A4%7C38.97167,-95.235&markers=color%3Ared%7Clabel%3A4%7C42.03472,-93.61972"
6614,678,675,-3,"http://maps.google.com/maps/api/staticmap?size=500x500&sensor=false&maptype=road&markers=color%3Agreen%7Clabel%3A1%7C41.31278,-96.34583&markers=color%3Ared%7C48.2325,-101.29583&markers=color%3Agreen%7Clabel%3A2%7C41.31278,-96.34583&markers=color%3Ared%7Clabel%3A2%7C48.2325,-101.29583&markers=color%3Agreen%7Clabel%3A3%7C41.31278,-96.34583&markers=color%3Ared%7Clabel%3A3%7C48.2325,-101.29583&markers=color%3Agreen%7Clabel%3A4%7C41.31278,-96.34583&markers=color%3Ared%7Clabel%3A4%7C48.2325,-101.29583&markers=color%3Agreen%7Clabel%3A5%7C41.31278,-96.34583&markers=color%3Ared%7Clabel%3A5%7C48.2325,-101.29583"
6615,352,337,-15,"http://maps.google.com/maps/api/staticmap?size=500x500&sensor=false&maptype=road&markers=color%3Agreen%7Clabel%3A1%7C40.73417,-92.87389&markers=color%3Ared%7C45.12,-93.2875&markers=color%3Agreen%7Clabel%3A2%7C40.73417,-92.87389&markers=color%3Ared%7Clabel%3A2%7C45.12,-93.2875&markers=color%3Agreen%7Clabel%3A3%7C40.07889,-93.61639&markers=color%3Ared%7Clabel%3A3%7C44.933,-93.083"
6618,344,344,0,"http://maps.google.com/maps/api/staticmap?size=500x500&sensor=false&maptype=road&markers=color%3Agreen%7Clabel%3A1%7C39.74028,-94.24083&markers=color%3Ared%7C43.55,-96.7&markers=color%3Agreen%7Clabel%3A2%7C39.74028,-94.24083&markers=color%3Ared%7Clabel%3A2%7C43.55,-96.7"
6645,102,102,0,"http://maps.google.com/maps/api/staticmap?size=500x500&sensor=false&maptype=road&markers=color%3Agreen%7Clabel%3A1%7C42.71028,-92.58278&markers=color%3Ared%7C42.483,-94.167&markers=color%3Agreen%7Clabel%3A2%7C42.71028,-92.58278&markers=color%3Ared%7Clabel%3A2%7C42.483,-94.167&markers=color%3Agreen%7Clabel%3A3%7C42.71028,-92.58278&markers=color%3Ared%7Clabel%3A3%7C42.483,-94.167&markers=color%3Agreen%7Clabel%3A4%7C42.71028,-92.58278&markers=color%3Ared%7Clabel%3A4%7C42.483,-94.167&markers=color%3Agreen%7Clabel%3A5%7C42.71028,-92.58278&markers=color%3Ared%7Clabel%3A5%7C42.483,-94.167"
6655,204,205,1,"http://maps.google.com/maps/api/staticmap?size=500x500&sensor=false&maptype=road&markers=color%3Agreen%7Clabel%3A1%7C42.71028,-92.58278&markers=color%3Ared%7C44.933,-93.083&markers=color%3Agreen%7Clabel%3A2%7C42.71028,-92.58278&markers=color%3Ared%7Clabel%3A2%7C44.933,-93.083&markers=color%3Agreen%7Clabel%3A3%7C42.71028,-92.58278&markers=color%3Ared%7Clabel%3A3%7C44.933,-93.083&markers=color%3Agreen%7Clabel%3A4%7C42.71028,-92.58278&markers=color%3Ared%7Clabel%3A4%7C44.933,-93.083&markers=color%3Agreen%7Clabel%3A5%7C42.71028,-92.58278&markers=color%3Ared%7Clabel%3A5%7C44.933,-93.083"
6666,186,190,4,"http://maps.google.com/maps/api/staticmap?size=500x500&sensor=false&maptype=road&markers=color%3Agreen%7Clabel%3A1%7C47.41,-92.65&markers=color%3Ared%7C44.933,-93.083&markers=color%3Agreen%7Clabel%3A2%7C47.41,-92.65&markers=color%3Ared%7Clabel%3A2%7C44.933,-93.083&markers=color%3Agreen%7Clabel%3A3%7C47.41,-92.65&markers=color%3Ared%7Clabel%3A3%7C45.08611,-93.26306"
6677,333,331,-2,"http://maps.google.com/maps/api/staticmap?size=500x500&sensor=false&maptype=road&markers=color%3Agreen%7Clabel%3A1%7C45.54611,-90.28639&markers=color%3Ared%7C46.81722,-95.845&markers=color%3Agreen%7Clabel%3A2%7C45.54611,-90.28639&markers=color%3Ared%7Clabel%3A2%7C46.81722,-95.845&markers=color%3Agreen%7Clabel%3A3%7C45.54611,-90.28639&markers=color%3Ared%7Clabel%3A3%7C46.26528,-96.60556"
6688,166,166,0,"http://maps.google.com/maps/api/staticmap?size=500x500&sensor=false&maptype=road&markers=color%3Agreen%7Clabel%3A1%7C42.71028,-92.58278&markers=color%3Ared%7C43.14139,-95.14417&markers=color%3Agreen%7Clabel%3A2%7C42.71028,-92.58278&markers=color%3Ared%7Clabel%3A2%7C43.14139,-95.14417&markers=color%3Agreen%7Clabel%3A3%7C42.71028,-92.58278&markers=color%3Ared%7Clabel%3A3%7C43.14139,-95.14417&markers=color%3Agreen%7Clabel%3A4%7C42.71028,-92.58278&markers=color%3Ared%7Clabel%3A4%7C43.14139,-95.14417"
6689,213,215,2,"http://maps.google.com/maps/api/staticmap?size=500x500&sensor=false&maptype=road&markers=color%3Agreen%7Clabel%3A1%7C42.71028,-92.58278&markers=color%3Ared%7C45.09417,-93.35611&markers=color%3Agreen%7Clabel%3A2%7C42.71028,-92.58278&markers=color%3Ared%7Clabel%3A2%7C45.09417,-93.35611&markers=color%3Agreen%7Clabel%3A3%7C42.71028,-92.58278&markers=color%3Ared%7Clabel%3A3%7C45.09417,-93.35611&markers=color%3Agreen%7Clabel%3A4%7C42.71028,-92.58278&markers=color%3Ared%7Clabel%3A4%7C45.09417,-93.35611&markers=color%3Agreen%7Clabel%3A5%7C42.71028,-92.58278&markers=color%3Ared%7Clabel%3A5%7C45.09417,-93.35611"
6692,459,459,0,"http://maps.google.com/maps/api/staticmap?size=500x500&sensor=false&maptype=road&markers=color%3Agreen%7Clabel%3A1%7C37.495,-94.27639&markers=color%3Ared%7C43.64806,-93.36806&markers=color%3Agreen%7Clabel%3A2%7C37.495,-94.27639&markers=color%3Ared%7Clabel%3A2%7C43.64806,-93.36806&markers=color%3Agreen%7Clabel%3A3%7C37.495,-94.27639&markers=color%3Ared%7Clabel%3A3%7C43.64806,-93.36806"
6696,838,834,-4,"http://maps.google.com/maps/api/staticmap?size=500x500&sensor=false&maptype=road&markers=color%3Agreen%7Clabel%3A1%7C35.92,-89.79806&markers=color%3Ared%7C45.12444,-92.67333&markers=color%3Agreen%7Clabel%3A2%7C35.92,-89.79806&markers=color%3Ared%7Clabel%3A2%7C45.12444,-92.67333&markers=color%3Agreen%7Clabel%3A3%7C35.92,-89.79806&markers=color%3Ared%7Clabel%3A3%7C45.12444,-92.67333&markers=color%3Agreen%7Clabel%3A4%7C35.92,-89.79806&markers=color%3Ared%7Clabel%3A4%7C45.12444,-92.67333&markers=color%3Agreen%7Clabel%3A5%7C35.92722,-89.91889&markers=color%3Ared%7Clabel%3A5%7C45.12444,-92.67333"
6699,641,636,-5,"http://maps.google.com/maps/api/staticmap?size=500x500&sensor=false&maptype=road&markers=color%3Agreen%7Clabel%3A1%7C37.69222,-97.33722&markers=color%3Ared%7C44.73944,-93.12556&markers=color%3Agreen%7Clabel%3A2%7C37.69222,-97.33722&markers=color%3Ared%7Clabel%3A2%7C44.73944,-93.12556&markers=color%3Agreen%7Clabel%3A3%7C37.69222,-97.33722&markers=color%3Ared%7Clabel%3A3%7C44.76778,-93.2775&markers=color%3Agreen%7Clabel%3A4%7C37.69222,-97.33722&markers=color%3Ared%7Clabel%3A4%7C44.933,-93.083&markers=color%3Agreen%7Clabel%3A5%7C38.06083,-97.92944&markers=color%3Ared%7Clabel%3A5%7C44.98,-93.26361"
6720,1262,1262,0,"http://maps.google.com/maps/api/staticmap?size=500x500&sensor=false&maptype=road&markers=color%3Agreen%7Clabel%3A1%7C37.04333,-93.29417&markers=color%3Ared%7C40.60972,-111.93833&markers=color%3Agreen%7Clabel%3A2%7C37.04333,-93.29417&markers=color%3Ared%7Clabel%3A2%7C40.60972,-111.93833"
6722,884,884,0,"http://maps.google.com/maps/api/staticmap?size=500x500&sensor=false&maptype=road&markers=color%3Agreen%7Clabel%3A1%7C40.86806,-97.59167&markers=color%3Ared%7C29.66556,-95.01917&markers=color%3Agreen%7Clabel%3A2%7C40.86806,-97.59167&markers=color%3Ared%7Clabel%3A2%7C29.66556,-95.01917&markers=color%3Agreen%7Clabel%3A3%7C40.86806,-97.59167&markers=color%3Ared%7Clabel%3A3%7C29.66556,-95.01917"
6738,246,246,0,"http://maps.google.com/maps/api/staticmap?size=500x500&sensor=false&maptype=road&markers=color%3Agreen%7Clabel%3A1%7C37.69222,-97.33722&markers=color%3Ared%7C34.60861,-98.39&markers=color%3Agreen%7Clabel%3A2%7C37.69222,-97.33722&markers=color%3Ared%7Clabel%3A2%7C34.60861,-98.39&markers=color%3Agreen%7Clabel%3A3%7C37.69222,-97.33722&markers=color%3Ared%7Clabel%3A3%7C34.60861,-98.39"
6762,541,550,9,"http://maps.google.com/maps/api/staticmap?size=500x500&sensor=false&maptype=road&markers=color%3Agreen%7Clabel%3A1%7C39.04833,-95.67778&markers=color%3Ared%7C39.73917,-104.98417&markers=color%3Agreen%7Clabel%3A2%7C39.04833,-95.67778&markers=color%3Ared%7Clabel%3A2%7C39.73917,-104.98417&markers=color%3Agreen%7Clabel%3A3%7C39.04833,-95.67778&markers=color%3Ared%7Clabel%3A3%7C39.73917,-104.98417&markers=color%3Agreen%7Clabel%3A4%7C38.63389,-95.82556&markers=color%3Ared%7Clabel%3A4%7C39.73917,-104.98417&markers=color%3Agreen%7Clabel%3A5%7C38.61556,-95.2675&markers=color%3Ared%7Clabel%3A5%7C39.73917,-104.98417"
6764,521,518,-3,"http://maps.google.com/maps/api/staticmap?size=500x500&sensor=false&maptype=road&markers=color%3Agreen%7Clabel%3A1%7C41.31278,-96.34583&markers=color%3Ared%7C44.08056,-103.23056&markers=color%3Agreen%7Clabel%3A2%7C41.31278,-96.34583&markers=color%3Ared%7Clabel%3A2%7C44.08056,-103.23056&markers=color%3Agreen%7Clabel%3A3%7C41.31278,-96.34583&markers=color%3Ared%7Clabel%3A3%7C44.08056,-103.23056&markers=color%3Agreen%7Clabel%3A4%7C41.31278,-96.34583&markers=color%3Ared%7Clabel%3A4%7C44.08056,-103.23056&markers=color%3Agreen%7Clabel%3A5%7C41.31278,-96.34583&markers=color%3Ared%7Clabel%3A5%7C44.08056,-103.23056"
6783,516,494,-22,"http://maps.google.com/maps/api/staticmap?size=500x500&sensor=false&maptype=road&markers=color%3Agreen%7Clabel%3A1%7C36.18806,-94.54028&markers=color%3Ared%7C40.58611,-98.38806&markers=color%3Agreen%7Clabel%3A2%7C36.18806,-94.54028&markers=color%3Ared%7Clabel%3A2%7C40.58611,-98.38806&markers=color%3Agreen%7Clabel%3A3%7C36.18667,-94.12861&markers=color%3Ared%7Clabel%3A3%7C40.86806,-97.59167"
6797,285,272,-13,"http://maps.google.com/maps/api/staticmap?size=500x500&sensor=false&maptype=road&markers=color%3Agreen%7Clabel%3A1%7C36.75444,-98.35639&markers=color%3Ared%7C35.22194,-101.83083&markers=color%3Agreen%7Clabel%3A2%7C36.75444,-98.35639&markers=color%3Ared%7Clabel%3A2%7C35.22194,-101.83083&markers=color%3Agreen%7Clabel%3A3%7C36.75444,-98.35639&markers=color%3Ared%7Clabel%3A3%7C35.22194,-101.83083&markers=color%3Agreen%7Clabel%3A4%7C36.9,-98.4225&markers=color%3Ared%7Clabel%3A4%7C35.22194,-101.83083&markers=color%3Agreen%7Clabel%3A5%7C36.9,-98.4225&markers=color%3Ared%7Clabel%3A5%7C35.22194,-101.83083"
6804,331,329,-2,"http://maps.google.com/maps/api/staticmap?size=500x500&sensor=false&maptype=road&markers=color%3Agreen%7Clabel%3A1%7C41.31278,-96.34583&markers=color%3Ared%7C37.69222,-97.33722&markers=color%3Agreen%7Clabel%3A2%7C41.31278,-96.34583&markers=color%3Ared%7Clabel%3A2%7C37.69222,-97.33722&markers=color%3Agreen%7Clabel%3A3%7C41.31278,-96.34583&markers=color%3Ared%7Clabel%3A3%7C37.69222,-97.33722&markers=color%3Agreen%7Clabel%3A4%7C41.31278,-96.34583&markers=color%3Ared%7Clabel%3A4%7C37.69222,-97.33722&markers=color%3Agreen%7Clabel%3A5%7C41.28694,-96.28528&markers=color%3Ared%7Clabel%3A5%7C37.69222,-97.33722"
6811,551,553,2,"http://maps.google.com/maps/api/staticmap?size=500x500&sensor=false&maptype=road&markers=color%3Agreen%7Clabel%3A1%7C40.83833,-101.16444&markers=color%3Ared%7C35.4675,-97.51611&markers=color%3Agreen%7Clabel%3A2%7C40.83833,-101.16444&markers=color%3Ared%7Clabel%3A2%7C35.4675,-97.51611&markers=color%3Agreen%7Clabel%3A3%7C40.83833,-101.16444&markers=color%3Ared%7Clabel%3A3%7C35.4675,-97.51611&markers=color%3Agreen%7Clabel%3A4%7C40.83833,-101.16444&markers=color%3Ared%7Clabel%3A4%7C35.4675,-97.51611&markers=color%3Agreen%7Clabel%3A5%7C40.83833,-101.16444&markers=color%3Ared%7Clabel%3A5%7C35.4675,-97.51611"
6812,522,522,0,"http://maps.google.com/maps/api/staticmap?size=500x500&sensor=false&maptype=road&markers=color%3Agreen%7Clabel%3A1%7C35.92722,-89.91889&markers=color%3Ared%7C35.4675,-97.51611&markers=color%3Agreen%7Clabel%3A2%7C35.92722,-89.91889&markers=color%3Ared%7Clabel%3A2%7C35.4675,-97.51611&markers=color%3Agreen%7Clabel%3A3%7C35.92722,-89.91889&markers=color%3Ared%7Clabel%3A3%7C35.4675,-97.51611&markers=color%3Agreen%7Clabel%3A4%7C35.92722,-89.91889&markers=color%3Ared%7Clabel%3A4%7C35.4675,-97.51611&markers=color%3Agreen%7Clabel%3A5%7C35.92722,-89.91889&markers=color%3Ared%7Clabel%3A5%7C35.4675,-97.51611"
6813,1249,1249,0,"http://maps.google.com/maps/api/staticmap?size=500x500&sensor=false&maptype=road&markers=color%3Agreen%7Clabel%3A1%7C41.12,-87.86111&markers=color%3Ared%7C39.06389,-108.55&markers=color%3Agreen%7Clabel%3A2%7C41.12,-87.86111&markers=color%3Ared%7Clabel%3A2%7C39.06389,-108.55"
6818,433,433,0,"http://maps.google.com/maps/api/staticmap?size=500x500&sensor=false&maptype=road&markers=color%3Agreen%7Clabel%3A1%7C36.15389,-95.9925&markers=color%3Ared%7C41.25861,-95.9375&markers=color%3Agreen%7Clabel%3A2%7C36.15389,-95.9925&markers=color%3Ared%7Clabel%3A2%7C41.25861,-95.9375"
6824,265,265,0,"http://maps.google.com/maps/api/staticmap?size=500x500&sensor=false&maptype=road&markers=color%3Agreen%7Clabel%3A1%7C38.345,-98.20139&markers=color%3Ared%7C38.58889,-93.85417&markers=color%3Agreen%7Clabel%3A2%7C38.345,-98.20139&markers=color%3Ared%7Clabel%3A2%7C38.58889,-93.85417"
6825,282,282,0,"http://maps.google.com/maps/api/staticmap?size=500x500&sensor=false&maptype=road&markers=color%3Agreen%7Clabel%3A1%7C36.18889,-95.74556&markers=color%3Ared%7C38.84028,-97.61111&markers=color%3Agreen%7Clabel%3A2%7C36.18889,-95.74556&markers=color%3Ared%7Clabel%3A2%7C38.84028,-97.61111&markers=color%3Agreen%7Clabel%3A3%7C36.18889,-95.74556&markers=color%3Ared%7Clabel%3A3%7C38.84028,-97.61111&markers=color%3Agreen%7Clabel%3A4%7C36.18889,-95.74556&markers=color%3Ared%7Clabel%3A4%7C38.84028,-97.61111"
6837,449,446,-3,"http://maps.google.com/maps/api/staticmap?size=500x500&sensor=false&maptype=road&markers=color%3Agreen%7Clabel%3A1%7C35.74778,-95.36944&markers=color%3Ared%7C30.26694,-97.74278&markers=color%3Agreen%7Clabel%3A2%7C35.74778,-95.36944&markers=color%3Ared%7Clabel%3A2%7C30.26694,-97.74278&markers=color%3Agreen%7Clabel%3A3%7C35.783,-95.25&markers=color%3Ared%7Clabel%3A3%7C30.26694,-97.74278&markers=color%3Agreen%7Clabel%3A4%7C36.30833,-95.31667&markers=color%3Ared%7Clabel%3A4%7C30.34056,-97.55667&markers=color%3Agreen%7Clabel%3A5%7C35.383,-94.383&markers=color%3Ared%7Clabel%3A5%7C30.26694,-97.74278"
6846,511,489,-22,"http://maps.google.com/maps/api/staticmap?size=500x500&sensor=false&maptype=road&markers=color%3Agreen%7Clabel%3A1%7C35.47139,-93.46639&markers=color%3Ared%7C29.99861,-95.26194&markers=color%3Agreen%7Clabel%3A2%7C35.47139,-93.46639&markers=color%3Ared%7Clabel%3A2%7C29.99861,-95.26194&markers=color%3Agreen%7Clabel%3A3%7C35.47139,-93.46639&markers=color%3Ared%7Clabel%3A3%7C29.76306,-95.36306&markers=color%3Agreen%7Clabel%3A4%7C35.47139,-93.46639&markers=color%3Ared%7Clabel%3A4%7C29.76306,-95.36306&markers=color%3Agreen%7Clabel%3A5%7C35.47139,-93.46639&markers=color%3Ared%7Clabel%3A5%7C29.76306,-95.36306"
6852,565,566,1,"http://maps.google.com/maps/api/staticmap?size=500x500&sensor=false&maptype=road&markers=color%3Agreen%7Clabel%3A1%7C36.18806,-94.54028&markers=color%3Ared%7C29.76306,-95.36306&markers=color%3Agreen%7Clabel%3A2%7C36.18806,-94.54028&markers=color%3Ared%7Clabel%3A2%7C29.76306,-95.36306&markers=color%3Agreen%7Clabel%3A3%7C36.18806,-94.54028&markers=color%3Ared%7Clabel%3A3%7C30.155,-95.21111&markers=color%3Agreen%7Clabel%3A4%7C36.33194,-94.11833&markers=color%3Ared%7Clabel%3A4%7C29.66556,-95.01917&markers=color%3Agreen%7Clabel%3A5%7C35.74778,-95.36944&markers=color%3Ared%7Clabel%3A5%7C29.76306,-95.36306"
6863,614,614,0,"http://maps.google.com/maps/api/staticmap?size=500x500&sensor=false&maptype=road&markers=color%3Agreen%7Clabel%3A1%7C37.38222,-89.66611&markers=color%3Ared%7C30.22389,-92.01972&markers=color%3Agreen%7Clabel%3A2%7C37.38222,-89.66611&markers=color%3Ared%7Clabel%3A2%7C30.22389,-92.01972&markers=color%3Agreen%7Clabel%3A3%7C37.38222,-89.66611&markers=color%3Ared%7Clabel%3A3%7C30.22389,-92.01972"
6878,498,499,1,"http://maps.google.com/maps/api/staticmap?size=500x500&sensor=false&maptype=road&markers=color%3Agreen%7Clabel%3A1%7C35.44056,-93.38778&markers=color%3Ared%7C29.76306,-95.36306&markers=color%3Agreen%7Clabel%3A2%7C35.44056,-93.38778&markers=color%3Ared%7Clabel%3A2%7C29.76306,-95.36306&markers=color%3Agreen%7Clabel%3A3%7C35.44056,-93.38778&markers=color%3Ared%7Clabel%3A3%7C29.76306,-95.36306&markers=color%3Agreen%7Clabel%3A4%7C35.47139,-93.46639&markers=color%3Ared%7Clabel%3A4%7C29.76306,-95.36306&markers=color%3Agreen%7Clabel%3A5%7C35.47139,-93.46639&markers=color%3Ared%7Clabel%3A5%7C29.76306,-95.36306"
6889,873,873,0,"http://maps.google.com/maps/api/staticmap?size=500x500&sensor=false&maptype=road&markers=color%3Agreen%7Clabel%3A1%7C39.09972,-94.57833&markers=color%3Ared%7C32.84222,-104.40278&markers=color%3Agreen%7Clabel%3A2%7C39.09972,-94.57833&markers=color%3Ared%7Clabel%3A2%7C32.84222,-104.40278&markers=color%3Agreen%7Clabel%3A3%7C39.09972,-94.57833&markers=color%3Ared%7Clabel%3A3%7C32.84222,-104.40278"
6891,549,549,0,"http://maps.google.com/maps/api/staticmap?size=500x500&sensor=false&maptype=road&markers=color%3Agreen%7Clabel%3A1%7C41.57583,-87.17611&markers=color%3Ared%7C35.14944,-90.04889&markers=color%3Agreen%7Clabel%3A2%7C41.57583,-87.17611&markers=color%3Ared%7Clabel%3A2%7C35.14944,-90.04889"
6903,374,381,7,"http://maps.google.com/maps/api/staticmap?size=500x500&sensor=false&maptype=road&markers=color%3Agreen%7Clabel%3A1%7C35.47139,-93.46639&markers=color%3Ared%7C32.72528,-97.32056&markers=color%3Agreen%7Clabel%3A2%7C35.47139,-93.46639&markers=color%3Ared%7Clabel%3A2%7C32.72528,-97.32056&markers=color%3Agreen%7Clabel%3A3%7C35.27833,-93.13361&markers=color%3Ared%7Clabel%3A3%7C32.72528,-97.32056&markers=color%3Agreen%7Clabel%3A4%7C35.27833,-93.13361&markers=color%3Ared%7Clabel%3A4%7C32.86,-97.36361&markers=color%3Agreen%7Clabel%3A5%7C35.47139,-93.46639&markers=color%3Ared%7Clabel%3A5%7C33.23611,-96.80083"
6905,246,246,0,"http://maps.google.com/maps/api/staticmap?size=500x500&sensor=false&maptype=road&markers=color%3Agreen%7Clabel%3A1%7C37.69222,-97.33722&markers=color%3Ared%7C34.60861,-98.39&markers=color%3Agreen%7Clabel%3A2%7C37.69222,-97.33722&markers=color%3Ared%7Clabel%3A2%7C34.60861,-98.39&markers=color%3Agreen%7Clabel%3A3%7C37.69222,-97.33722&markers=color%3Ared%7Clabel%3A3%7C34.60861,-98.39"
6923,192,192,0,"http://maps.google.com/maps/api/staticmap?size=500x500&sensor=false&maptype=road&markers=color%3Agreen%7Clabel%3A1%7C38.06361,-94.69528&markers=color%3Ared%7C35.95528,-96.00861&markers=color%3Agreen%7Clabel%3A2%7C38.06361,-94.69528&markers=color%3Ared%7Clabel%3A2%7C35.95528,-96.00861"
6927,510,507,-3,"http://maps.google.com/maps/api/staticmap?size=500x500&sensor=false&maptype=road&markers=color%3Agreen%7Clabel%3A1%7C35.92722,-89.91889&markers=color%3Ared%7C32.78333,-96.8&markers=color%3Agreen%7Clabel%3A2%7C35.92722,-89.91889&markers=color%3Ared%7Clabel%3A2%7C32.78333,-96.8&markers=color%3Agreen%7Clabel%3A3%7C35.92722,-89.91889&markers=color%3Ared%7Clabel%3A3%7C32.78333,-96.8&markers=color%3Agreen%7Clabel%3A4%7C35.92722,-89.91889&markers=color%3Ared%7Clabel%3A4%7C32.78333,-96.8&markers=color%3Agreen%7Clabel%3A5%7C36.05083,-90.23861&markers=color%3Ared%7Clabel%3A5%7C32.78333,-96.8"
6940,628,628,0,"http://maps.google.com/maps/api/staticmap?size=500x500&sensor=false&maptype=road&markers=color%3Agreen%7Clabel%3A1%7C37.64556,-91.53583&markers=color%3Ared%7C32.72528,-97.32056&markers=color%3Agreen%7Clabel%3A2%7C37.64556,-91.53583&markers=color%3Ared%7Clabel%3A2%7C32.72528,-97.32056"
6942,1082,1082,0,"http://maps.google.com/maps/api/staticmap?size=500x500&sensor=false&maptype=road&markers=color%3Agreen%7Clabel%3A1%7C43.55,-96.7&markers=color%3Ared%7C29.76306,-95.36306&markers=color%3Agreen%7Clabel%3A2%7C43.55,-96.7&markers=color%3Ared%7Clabel%3A2%7C29.76306,-95.36306"
6956,534,547,13,"http://maps.google.com/maps/api/staticmap?size=500x500&sensor=false&maptype=road&markers=color%3Agreen%7Clabel%3A1%7C35.92722,-89.91889&markers=color%3Ared%7C32.72528,-97.32056&markers=color%3Agreen%7Clabel%3A2%7C35.92722,-89.91889&markers=color%3Ared%7Clabel%3A2%7C32.72528,-97.32056&markers=color%3Agreen%7Clabel%3A3%7C35.92722,-89.91889&markers=color%3Ared%7Clabel%3A3%7C32.56306,-97.14139&markers=color%3Agreen%7Clabel%3A4%7C35.92722,-89.91889&markers=color%3Ared%7Clabel%3A4%7C32.56306,-97.14139&markers=color%3Agreen%7Clabel%3A5%7C35.92,-89.79806&markers=color%3Ared%7Clabel%3A5%7C32.56306,-97.14139"
6969,322,331,9,"http://maps.google.com/maps/api/staticmap?size=500x500&sensor=false&maptype=road&markers=color%3Agreen%7Clabel%3A1%7C36.79583,-95.93528&markers=color%3Ared%7C32.73556,-97.10778&markers=color%3Agreen%7Clabel%3A2%7C36.79583,-95.93528&markers=color%3Ared%7Clabel%3A2%7C32.73556,-97.10778&markers=color%3Agreen%7Clabel%3A3%7C36.79583,-95.93528&markers=color%3Ared%7Clabel%3A3%7C32.78333,-96.8&markers=color%3Agreen%7Clabel%3A4%7C36.15389,-95.9925&markers=color%3Ared%7Clabel%3A4%7C32.78333,-96.8&markers=color%3Agreen%7Clabel%3A5%7C36.18889,-95.74556&markers=color%3Ared%7Clabel%3A5%7C33.04611,-96.99389"
6974,776,769,-7,"http://maps.google.com/maps/api/staticmap?size=500x500&sensor=false&maptype=road&markers=color%3Agreen%7Clabel%3A1%7C39.04444,-95.39444&markers=color%3Ared%7C29.42389,-98.49333&markers=color%3Agreen%7Clabel%3A2%7C39.04444,-95.39444&markers=color%3Ared%7Clabel%3A2%7C29.42389,-98.49333&markers=color%3Agreen%7Clabel%3A3%7C38.40389,-96.18139&markers=color%3Ared%7Clabel%3A3%7C29.42389,-98.49333"
6977,803,812,9,"http://maps.google.com/maps/api/staticmap?size=500x500&sensor=false&maptype=road&markers=color%3Agreen%7Clabel%3A1%7C35.23111,-94.47778&markers=color%3Ared%7C26.1,-98.26278&markers=color%3Agreen%7Clabel%3A2%7C35.23111,-94.47778&markers=color%3Ared%7Clabel%3A2%7C26.1,-98.26278&markers=color%3Agreen%7Clabel%3A3%7C35.383,-94.383&markers=color%3Ared%7Clabel%3A3%7C26.17,-98.05167&markers=color%3Agreen%7Clabel%3A4%7C35.47139,-93.46639&markers=color%3Ared%7Clabel%3A4%7C26.20306,-98.22972"
6978,405,407,2,"http://maps.google.com/maps/api/staticmap?size=500x500&sensor=false&maptype=road&markers=color%3Agreen%7Clabel%3A1%7C35.92,-89.79806&markers=color%3Ared%7C32.99528,-94.96556&markers=color%3Agreen%7Clabel%3A2%7C35.92,-89.79806&markers=color%3Ared%7Clabel%3A2%7C32.99528,-94.96556&markers=color%3Agreen%7Clabel%3A3%7C35.92722,-89.91889&markers=color%3Ared%7Clabel%3A3%7C32.99528,-94.96556&markers=color%3Agreen%7Clabel%3A4%7C35.92722,-89.91889&markers=color%3Ared%7Clabel%3A4%7C32.99528,-94.96556&markers=color%3Agreen%7Clabel%3A5%7C35.92,-89.79806&markers=color%3Ared%7Clabel%3A5%7C32.50056,-94.74028"
7005,405,405,0,"http://maps.google.com/maps/api/staticmap?size=500x500&sensor=false&maptype=road&markers=color%3Agreen%7Clabel%3A1%7C37.66028,-91.115&markers=color%3Ared%7C33.66694,-93.59139&markers=color%3Agreen%7Clabel%3A2%7C37.66028,-91.115&markers=color%3Ared%7Clabel%3A2%7C33.66694,-93.59139&markers=color%3Agreen%7Clabel%3A3%7C37.66028,-91.115&markers=color%3Ared%7Clabel%3A3%7C33.66694,-93.59139&markers=color%3Agreen%7Clabel%3A4%7C37.66028,-91.115&markers=color%3Ared%7Clabel%3A4%7C33.66694,-93.59139"
7034,1711,1711,0,"http://maps.google.com/maps/api/staticmap?size=500x500&sensor=false&maptype=road&markers=color%3Agreen%7Clabel%3A1%7C38.70444,-93.22806&markers=color%3Ared%7C34.05222,-118.24278&markers=color%3Agreen%7Clabel%3A2%7C38.70444,-93.22806&markers=color%3Ared%7Clabel%3A2%7C34.05222,-118.24278"
7041,1476,1476,0,"http://maps.google.com/maps/api/staticmap?size=500x500&sensor=false&maptype=road&markers=color%3Agreen%7Clabel%3A1%7C36.30833,-95.31667&markers=color%3Ared%7C34.05222,-118.24278&markers=color%3Agreen%7Clabel%3A2%7C36.30833,-95.31667&markers=color%3Ared%7Clabel%3A2%7C34.05222,-118.24278"
7061,1506,1506,0,"http://maps.google.com/maps/api/staticmap?size=500x500&sensor=false&maptype=road&markers=color%3Agreen%7Clabel%3A1%7C44.08056,-103.23056&markers=color%3Ared%7C36.12222,-83.4925&markers=color%3Agreen%7Clabel%3A2%7C44.08056,-103.23056&markers=color%3Ared%7Clabel%3A2%7C36.12222,-83.4925"
7078,272,270,-2,"http://maps.google.com/maps/api/staticmap?size=500x500&sensor=false&maptype=road&markers=color%3Agreen%7Clabel%3A1%7C42.71028,-92.58278&markers=color%3Ared%7C45.55,-94.15&markers=color%3Agreen%7Clabel%3A2%7C42.71028,-92.58278&markers=color%3Ared%7Clabel%3A2%7C45.55,-94.15&markers=color%3Agreen%7Clabel%3A3%7C42.71028,-92.58278&markers=color%3Ared%7Clabel%3A3%7C45.55,-94.15&markers=color%3Agreen%7Clabel%3A4%7C42.71028,-92.58278&markers=color%3Ared%7Clabel%3A4%7C45.55,-94.15&markers=color%3Agreen%7Clabel%3A5%7C42.71028,-92.58278&markers=color%3Ared%7Clabel%3A5%7C45.17194,-93.87444"
7091,202,202,0,"http://maps.google.com/maps/api/staticmap?size=500x500&sensor=false&maptype=road&markers=color%3Agreen%7Clabel%3A1%7C42.71028,-92.58278&markers=color%3Ared%7C44.81139,-91.49833&markers=color%3Agreen%7Clabel%3A2%7C42.71028,-92.58278&markers=color%3Ared%7Clabel%3A2%7C44.81139,-91.49833&markers=color%3Agreen%7Clabel%3A3%7C42.71028,-92.58278&markers=color%3Ared%7Clabel%3A3%7C44.81139,-91.49833&markers=color%3Agreen%7Clabel%3A4%7C42.71028,-92.58278&markers=color%3Ared%7Clabel%3A4%7C44.81139,-91.49833"
7099,217,214,-3,"http://maps.google.com/maps/api/staticmap?size=500x500&sensor=false&maptype=road&markers=color%3Agreen%7Clabel%3A1%7C44.81139,-91.49833&markers=color%3Ared%7C45.1,-87.63056&markers=color%3Agreen%7Clabel%3A2%7C44.81139,-91.49833&markers=color%3Ared%7Clabel%3A2%7C45.1,-87.63056&markers=color%3Agreen%7Clabel%3A3%7C44.81139,-91.49833&markers=color%3Ared%7Clabel%3A3%7C45.1,-87.63056&markers=color%3Agreen%7Clabel%3A4%7C44.81139,-91.49833&markers=color%3Ared%7Clabel%3A4%7C44.51917,-88.01972&markers=color%3Agreen%7Clabel%3A5%7C44.81139,-91.49833&markers=color%3Ared%7Clabel%3A5%7C44.54361,-88.08806"
7110,755,720,-35,"http://maps.google.com/maps/api/staticmap?size=500x500&sensor=false&maptype=road&markers=color%3Agreen%7Clabel%3A1%7C45.55,-94.15&markers=color%3Ared%7C43.0125,-83.6875&markers=color%3Agreen%7Clabel%3A2%7C45.55,-94.15&markers=color%3Ared%7Clabel%3A2%7C43.0125,-83.6875&markers=color%3Agreen%7Clabel%3A3%7C45.55,-94.15&markers=color%3Ared%7Clabel%3A3%7C42.28333,-83.74583&markers=color%3Agreen%7Clabel%3A4%7C44.78944,-93.60194&markers=color%3Ared%7Clabel%3A4%7C42.33139,-83.04583"
7147,232,234,2,"http://maps.google.com/maps/api/staticmap?size=500x500&sensor=false&maptype=road&markers=color%3Agreen%7Clabel%3A1%7C44.467,-89.3&markers=color%3Ared%7C45.0725,-93.45556&markers=color%3Agreen%7Clabel%3A2%7C44.467,-89.3&markers=color%3Ared%7Clabel%3A2%7C45.0725,-93.45556&markers=color%3Agreen%7Clabel%3A3%7C44.467,-89.3&markers=color%3Ared%7Clabel%3A3%7C45.01056,-93.45528&markers=color%3Agreen%7Clabel%3A4%7C44.467,-89.3&markers=color%3Ared%7Clabel%3A4%7C45.12,-93.2875&markers=color%3Agreen%7Clabel%3A5%7C44.467,-89.3&markers=color%3Ared%7Clabel%3A5%7C45.16083,-93.23472"
7158,229,231,2,"http://maps.google.com/maps/api/staticmap?size=500x500&sensor=false&maptype=road&markers=color%3Agreen%7Clabel%3A1%7C44.467,-89.3&markers=color%3Ared%7C45.01056,-93.45528&markers=color%3Agreen%7Clabel%3A2%7C44.467,-89.3&markers=color%3Ared%7Clabel%3A2%7C45.01056,-93.45528&markers=color%3Agreen%7Clabel%3A3%7C44.467,-89.3&markers=color%3Ared%7Clabel%3A3%7C45.0725,-93.45556&markers=color%3Agreen%7Clabel%3A4%7C44.45083,-89.28472&markers=color%3Ared%7Clabel%3A4%7C44.98,-93.26361&markers=color%3Agreen%7Clabel%3A5%7C44.467,-89.3&markers=color%3Ared%7Clabel%3A5%7C45.12,-93.2875"
7160,220,219,-1,"http://maps.google.com/maps/api/staticmap?size=500x500&sensor=false&maptype=road&markers=color%3Agreen%7Clabel%3A1%7C45.54611,-90.28639&markers=color%3Ared%7C45.26278,-94.12417&markers=color%3Agreen%7Clabel%3A2%7C45.54611,-90.28639&markers=color%3Ared%7Clabel%3A2%7C45.26278,-94.12417&markers=color%3Agreen%7Clabel%3A3%7C45.54611,-90.28639&markers=color%3Ared%7Clabel%3A3%7C45.09417,-93.35611&markers=color%3Agreen%7Clabel%3A4%7C45.54611,-90.28639&markers=color%3Ared%7Clabel%3A4%7C44.86222,-93.53056"
7173,636,633,-3,"http://maps.google.com/maps/api/staticmap?size=500x500&sensor=false&maptype=road&markers=color%3Agreen%7Clabel%3A1%7C44.92528,-104.19861&markers=color%3Ared%7C45.55,-94.15&markers=color%3Agreen%7Clabel%3A2%7C44.92528,-104.19861&markers=color%3Ared%7Clabel%3A2%7C45.55,-94.15&markers=color%3Agreen%7Clabel%3A3%7C44.49083,-103.85889&markers=color%3Ared%7Clabel%3A3%7C45.12194,-95.04306&markers=color%3Agreen%7Clabel%3A4%7C44.49083,-103.85889&markers=color%3Ared%7Clabel%3A4%7C45.12194,-95.04306"
7176,280,280,0,"http://maps.google.com/maps/api/staticmap?size=500x500&sensor=false&maptype=road&markers=color%3Agreen%7Clabel%3A1%7C44.08056,-103.23056&markers=color%3Ared%7C43.70944,-98.02944&markers=color%3Agreen%7Clabel%3A2%7C44.08056,-103.23056&markers=color%3Ared%7Clabel%3A2%7C43.70944,-98.02944&markers=color%3Agreen%7Clabel%3A3%7C44.08056,-103.23056&markers=color%3Ared%7Clabel%3A3%7C43.70944,-98.02944"
7182,80,82,2,"http://maps.google.com/maps/api/staticmap?size=500x500&sensor=false&maptype=road&markers=color%3Agreen%7Clabel%3A1%7C42.71028,-92.58278&markers=color%3Ared%7C42.03417,-91.5975&markers=color%3Agreen%7Clabel%3A2%7C42.71028,-92.58278&markers=color%3Ared%7Clabel%3A2%7C42.03417,-91.5975&markers=color%3Agreen%7Clabel%3A3%7C42.71028,-92.58278&markers=color%3Ared%7Clabel%3A3%7C42.03417,-91.5975&markers=color%3Agreen%7Clabel%3A4%7C42.71028,-92.58278&markers=color%3Ared%7Clabel%3A4%7C42.03417,-91.5975&markers=color%3Agreen%7Clabel%3A5%7C42.71028,-92.58278&markers=color%3Ared%7Clabel%3A5%7C42.00833,-91.64389"
7192,334,342,8,"http://maps.google.com/maps/api/staticmap?size=500x500&sensor=false&maptype=road&markers=color%3Agreen%7Clabel%3A1%7C44.81139,-91.49833&markers=color%3Ared%7C41.60306,-93.72389&markers=color%3Agreen%7Clabel%3A2%7C44.81139,-91.49833&markers=color%3Ared%7Clabel%3A2%7C41.60306,-93.72389&markers=color%3Agreen%7Clabel%3A3%7C44.81139,-91.49833&markers=color%3Ared%7Clabel%3A3%7C41.60306,-93.72389&markers=color%3Agreen%7Clabel%3A4%7C44.81139,-91.49833&markers=color%3Ared%7Clabel%3A4%7C41.64417,-93.46444&markers=color%3Agreen%7Clabel%3A5%7C44.77028,-90.59917&markers=color%3Ared%7Clabel%3A5%7C41.72972,-93.60556"
7203,118,118,0,"http://maps.google.com/maps/api/staticmap?size=500x500&sensor=false&maptype=road&markers=color%3Agreen%7Clabel%3A1%7C42.71028,-92.58278&markers=color%3Ared%7C41.72972,-93.60556&markers=color%3Agreen%7Clabel%3A2%7C42.71028,-92.58278&markers=color%3Ared%7Clabel%3A2%7C41.72972,-93.60556&markers=color%3Agreen%7Clabel%3A3%7C42.71028,-92.58278&markers=color%3Ared%7Clabel%3A3%7C41.72972,-93.60556&markers=color%3Agreen%7Clabel%3A4%7C42.71028,-92.58278&markers=color%3Ared%7Clabel%3A4%7C41.72972,-93.60556&markers=color%3Agreen%7Clabel%3A5%7C42.71028,-92.58278&markers=color%3Ared%7Clabel%3A5%7C41.72972,-93.60556"
7216,594,594,0,"http://maps.google.com/maps/api/staticmap?size=500x500&sensor=false&maptype=road&markers=color%3Agreen%7Clabel%3A1%7C44.81139,-91.49833&markers=color%3Ared%7C48.2325,-101.29583&markers=color%3Agreen%7Clabel%3A2%7C44.81139,-91.49833&markers=color%3Ared%7Clabel%3A2%7C48.2325,-101.29583"
7221,126,126,0,"http://maps.google.com/maps/api/staticmap?size=500x500&sensor=false&maptype=road&markers=color%3Agreen%7Clabel%3A1%7C47.68,-99.1375&markers=color%3Ared%7C47.28917,-101.02861&markers=color%3Agreen%7Clabel%3A2%7C47.68,-99.1375&markers=color%3Ared%7Clabel%3A2%7C47.28917,-101.02861&markers=color%3Agreen%7Clabel%3A3%7C47.68,-99.1375&markers=color%3Ared%7Clabel%3A3%7C47.65222,-101.41528&markers=color%3Agreen%7Clabel%3A4%7C47.68,-99.1375&markers=color%3Ared%7Clabel%3A4%7C46.80833,-100.78333&markers=color%3Agreen%7Clabel%3A5%7C47.68,-99.1375&markers=color%3Ared%7Clabel%3A5%7C47.26333,-101.7775"
7226,426,403,-23,"http://maps.google.com/maps/api/staticmap?size=500x500&sensor=false&maptype=road&markers=color%3Agreen%7Clabel%3A1%7C44.23167,-103.38861&markers=color%3Ared%7C39.80278,-105.08694&markers=color%3Agreen%7Clabel%3A2%7C44.23167,-103.38861&markers=color%3Ared%7Clabel%3A2%7C39.80278,-105.08694&markers=color%3Agreen%7Clabel%3A3%7C44.08056,-103.23056&markers=color%3Ared%7Clabel%3A3%7C39.73917,-104.98417&markers=color%3Agreen%7Clabel%3A4%7C44.49083,-103.85889&markers=color%3Ared%7Clabel%3A4%7C39.70472,-105.08083&markers=color%3Agreen%7Clabel%3A5%7C44.49083,-103.85889&markers=color%3Ared%7Clabel%3A5%7C39.70472,-105.08083"
7250,236,236,0,"http://maps.google.com/maps/api/staticmap?size=500x500&sensor=false&maptype=road&markers=color%3Agreen%7Clabel%3A1%7C42.71028,-92.58278&markers=color%3Ared%7C45.17194,-93.87444&markers=color%3Agreen%7Clabel%3A2%7C42.71028,-92.58278&markers=color%3Ared%7Clabel%3A2%7C45.17194,-93.87444&markers=color%3Agreen%7Clabel%3A3%7C42.71028,-92.58278&markers=color%3Ared%7Clabel%3A3%7C45.17194,-93.87444&markers=color%3Agreen%7Clabel%3A4%7C42.71028,-92.58278&markers=color%3Ared%7Clabel%3A4%7C45.17194,-93.87444&markers=color%3Agreen%7Clabel%3A5%7C42.71028,-92.58278&markers=color%3Ared%7Clabel%3A5%7C45.17194,-93.87444"
7252,212,213,1,"http://maps.google.com/maps/api/staticmap?size=500x500&sensor=false&maptype=road&markers=color%3Agreen%7Clabel%3A1%7C42.71028,-92.58278&markers=color%3Ared%7C44.983,-92.967&markers=color%3Agreen%7Clabel%3A2%7C42.71028,-92.58278&markers=color%3Ared%7Clabel%3A2%7C44.983,-92.967&markers=color%3Agreen%7Clabel%3A3%7C42.71028,-92.58278&markers=color%3Ared%7Clabel%3A3%7C44.983,-92.967&markers=color%3Agreen%7Clabel%3A4%7C42.71028,-92.58278&markers=color%3Ared%7Clabel%3A4%7C44.983,-92.967&markers=color%3Agreen%7Clabel%3A5%7C42.71028,-92.58278&markers=color%3Ared%7Clabel%3A5%7C44.95306,-92.995"
7270,1818,1818,0,"http://maps.google.com/maps/api/staticmap?size=500x500&sensor=false&maptype=road&markers=color%3Agreen%7Clabel%3A1%7C51.0,-97.0&markers=color%3Ared%7C45.1825,-122.80667&markers=color%3Agreen%7Clabel%3A2%7C51.0,-97.0&markers=color%3Ared%7Clabel%3A2%7C45.1825,-122.80667&markers=color%3Agreen%7Clabel%3A3%7C51.0,-97.0&markers=color%3Ared%7Clabel%3A3%7C45.1825,-122.80667"
7272,2079,2079,0,"http://maps.google.com/maps/api/staticmap?size=500x500&sensor=false&maptype=road&markers=color%3Agreen%7Clabel%3A1%7C39.86806,-104.97139&markers=color%3Ared%7C44.31056,-69.78&markers=color%3Agreen%7Clabel%3A2%7C39.86806,-104.97139&markers=color%3Ared%7Clabel%3A2%7C44.31056,-69.78"
7290,1489,1488,-1,"http://maps.google.com/maps/api/staticmap?size=500x500&sensor=false&maptype=road&markers=color%3Agreen%7Clabel%3A1%7C41.73556,-111.83361&markers=color%3Ared%7C44.91,-90.31556&markers=color%3Agreen%7Clabel%3A2%7C41.73556,-111.83361&markers=color%3Ared%7Clabel%3A2%7C44.91,-90.31556"
7302,604,607,3,"http://maps.google.com/maps/api/staticmap?size=500x500&sensor=false&maptype=road&markers=color%3Agreen%7Clabel%3A1%7C43.9325,-103.57472&markers=color%3Ared%7C44.933,-93.083&markers=color%3Agreen%7Clabel%3A2%7C43.9325,-103.57472&markers=color%3Ared%7Clabel%3A2%7C44.933,-93.083&markers=color%3Agreen%7Clabel%3A3%7C44.08056,-103.23056&markers=color%3Ared%7Clabel%3A3%7C44.5625,-92.53361"
7308,750,750,0,"http://maps.google.com/maps/api/staticmap?size=500x500&sensor=false&maptype=road&markers=color%3Agreen%7Clabel%3A1%7C43.9325,-103.57472&markers=color%3Ared%7C40.73417,-92.87389&markers=color%3Agreen%7Clabel%3A2%7C43.9325,-103.57472&markers=color%3Ared%7Clabel%3A2%7C40.73417,-92.87389"
7320,865,852,-13,"http://maps.google.com/maps/api/staticmap?size=500x500&sensor=false&maptype=road&markers=color%3Agreen%7Clabel%3A1%7C44.8375,-108.38889&markers=color%3Ared%7C45.55,-94.15&markers=color%3Agreen%7Clabel%3A2%7C44.8375,-108.38889&markers=color%3Ared%7Clabel%3A2%7C45.55,-94.15&markers=color%3Agreen%7Clabel%3A3%7C44.8375,-108.38889&markers=color%3Ared%7Clabel%3A3%7C46.33,-94.47389"
7322,487,487,0,"http://maps.google.com/maps/api/staticmap?size=500x500&sensor=false&maptype=road&markers=color%3Agreen%7Clabel%3A1%7C51.05,-114.083&markers=color%3Ared%7C50.45,-104.617&markers=color%3Agreen%7Clabel%3A2%7C51.05,-114.083&markers=color%3Ared%7Clabel%3A2%7C50.45,-104.617&markers=color%3Agreen%7Clabel%3A3%7C51.05,-114.083&markers=color%3Ared%7Clabel%3A3%7C50.45,-104.617&markers=color%3Agreen%7Clabel%3A4%7C51.05,-114.083&markers=color%3Ared%7Clabel%3A4%7C50.45,-104.617&markers=color%3Agreen%7Clabel%3A5%7C51.05,-114.083&markers=color%3Ared%7Clabel%3A5%7C50.45,-104.617"
7323,703,703,0,"http://maps.google.com/maps/api/staticmap?size=500x500&sensor=false&maptype=road&markers=color%3Agreen%7Clabel%3A1%7C39.53472,-107.7825&markers=color%3Ared%7C37.69222,-97.33722&markers=color%3Agreen%7Clabel%3A2%7C39.53472,-107.7825&markers=color%3Ared%7Clabel%3A2%7C37.69222,-97.33722&markers=color%3Agreen%7Clabel%3A3%7C39.53472,-107.7825&markers=color%3Ared%7Clabel%3A3%7C37.69222,-97.33722"
7349,540,540,0,"http://maps.google.com/maps/api/staticmap?size=500x500&sensor=false&maptype=road&markers=color%3Agreen%7Clabel%3A1%7C40.53083,-112.2975&markers=color%3Ared%7C37.57917,-106.1475&markers=color%3Agreen%7Clabel%3A2%7C40.53083,-112.2975&markers=color%3Ared%7Clabel%3A2%7C37.57917,-106.1475"
7350,334,334,0,"http://maps.google.com/maps/api/staticmap?size=500x500&sensor=false&maptype=road&markers=color%3Agreen%7Clabel%3A1%7C41.455,-106.80583&markers=color%3Ared%7C38.25444,-104.60861&markers=color%3Agreen%7Clabel%3A2%7C41.455,-106.80583&markers=color%3Ared%7Clabel%3A2%7C38.25444,-104.60861"
7353,207,207,0,"http://maps.google.com/maps/api/staticmap?size=500x500&sensor=false&maptype=road&markers=color%3Agreen%7Clabel%3A1%7C41.22306,-111.97306&markers=color%3Ared%7C40.45556,-109.52806&markers=color%3Agreen%7Clabel%3A2%7C41.22306,-111.97306&markers=color%3Ared%7Clabel%3A2%7C40.45556,-109.52806&markers=color%3Agreen%7Clabel%3A3%7C41.22306,-111.97306&markers=color%3Ared%7Clabel%3A3%7C40.45556,-109.52806"
7358,388,388,0,"http://maps.google.com/maps/api/staticmap?size=500x500&sensor=false&maptype=road&markers=color%3Agreen%7Clabel%3A1%7C43.61361,-116.2025&markers=color%3Ared%7C43.47123,-110.76642&markers=color%3Agreen%7Clabel%3A2%7C43.61361,-116.2025&markers=color%3Ared%7Clabel%3A2%7C43.47123,-110.76642"
7390,369,363,-6,"http://maps.google.com/maps/api/staticmap?size=500x500&sensor=false&maptype=road&markers=color%3Agreen%7Clabel%3A1%7C41.87556,-112.14333&markers=color%3Ared%7C39.06389,-108.55&markers=color%3Agreen%7Clabel%3A2%7C41.87556,-112.14333&markers=color%3Ared%7Clabel%3A2%7C39.06389,-108.55&markers=color%3Agreen%7Clabel%3A3%7C41.87556,-112.14333&markers=color%3Ared%7Clabel%3A3%7C38.47833,-107.87556"
7393,495,495,0,"http://maps.google.com/maps/api/staticmap?size=500x500&sensor=false&maptype=road&markers=color%3Agreen%7Clabel%3A1%7C46.87222,-113.99306&markers=color%3Ared%7C41.22306,-111.97306&markers=color%3Agreen%7Clabel%3A2%7C46.87222,-113.99306&markers=color%3Ared%7Clabel%3A2%7C41.22306,-111.97306&markers=color%3Agreen%7Clabel%3A3%7C46.87222,-113.99306&markers=color%3Ared%7Clabel%3A3%7C41.11083,-112.02528&markers=color%3Agreen%7Clabel%3A4%7C47.17944,-113.48361&markers=color%3Ared%7Clabel%3A4%7C41.22306,-111.97306&markers=color%3Agreen%7Clabel%3A5%7C47.19167,-114.89083&markers=color%3Ared%7Clabel%3A5%7C40.76083,-111.89028"
7394,1768,1768,0,"http://maps.google.com/maps/api/staticmap?size=500x500&sensor=false&maptype=road&markers=color%3Agreen%7Clabel%3A1%7C42.60583,-114.21&markers=color%3Ared%7C30.33278,-95.86167&markers=color%3Agreen%7Clabel%3A2%7C42.60583,-114.21&markers=color%3Ared%7Clabel%3A2%7C30.33278,-95.86167&markers=color%3Agreen%7Clabel%3A3%7C42.60583,-114.21&markers=color%3Ared%7Clabel%3A3%7C30.33278,-95.86167"
7425,1361,1356,-5,"http://maps.google.com/maps/api/staticmap?size=500x500&sensor=false&maptype=road&markers=color%3Agreen%7Clabel%3A1%7C47.67778,-116.77944&markers=color%3Ared%7C34.01972,-117.95778&markers=color%3Agreen%7Clabel%3A2%7C47.67778,-116.77944&markers=color%3Ared%7Clabel%3A2%7C34.01972,-117.95778&markers=color%3Agreen%7Clabel%3A3%7C47.65889,-117.425&markers=color%3Ared%7Clabel%3A3%7C33.83528,-117.91361&markers=color%3Agreen%7Clabel%3A4%7C47.65889,-117.425&markers=color%3Ared%7Clabel%3A4%7C34.05222,-118.24278&markers=color%3Agreen%7Clabel%3A5%7C47.65889,-117.425&markers=color%3Ared%7Clabel%3A5%7C34.69806,-118.13583"
7427,863,863,0,"http://maps.google.com/maps/api/staticmap?size=500x500&sensor=false&maptype=road&markers=color%3Agreen%7Clabel%3A1%7C41.87556,-112.14333&markers=color%3Ared%7C32.22167,-110.92583&markers=color%3Agreen%7Clabel%3A2%7C41.87556,-112.14333&markers=color%3Ared%7Clabel%3A2%7C32.22167,-110.92583&markers=color%3Agreen%7Clabel%3A3%7C41.87556,-112.14333&markers=color%3Ared%7Clabel%3A3%7C32.22167,-110.92583"
7438,1180,1258,78,"http://maps.google.com/maps/api/staticmap?size=500x500&sensor=false&maptype=road&markers=color%3Agreen%7Clabel%3A1%7C47.65889,-117.425&markers=color%3Ared%7C34.69806,-118.13583&markers=color%3Agreen%7Clabel%3A2%7C47.65889,-117.425&markers=color%3Ared%7Clabel%3A2%7C34.69806,-118.13583&markers=color%3Agreen%7Clabel%3A3%7C47.65889,-117.425&markers=color%3Ared%7Clabel%3A3%7C34.69806,-118.13583&markers=color%3Agreen%7Clabel%3A4%7C47.65889,-117.425&markers=color%3Ared%7Clabel%3A4%7C34.05222,-118.24278&markers=color%3Agreen%7Clabel%3A5%7C47.65889,-117.425&markers=color%3Ared%7Clabel%3A5%7C33.83528,-117.91361"
7451,660,660,0,"http://maps.google.com/maps/api/staticmap?size=500x500&sensor=false&maptype=road&markers=color%3Agreen%7Clabel%3A1%7C41.51028,-112.01472&markers=color%3Ared%7C41.48722,-120.54139&markers=color%3Agreen%7Clabel%3A2%7C41.51028,-112.01472&markers=color%3Ared%7Clabel%3A2%7C41.48722,-120.54139"
7454,1102,1102,0,"http://maps.google.com/maps/api/staticmap?size=500x500&sensor=false&maptype=road&markers=color%3Agreen%7Clabel%3A1%7C45.92667,-116.12139&markers=color%3Ared%7C32.71528,-117.15639&markers=color%3Agreen%7Clabel%3A2%7C45.92667,-116.12139&markers=color%3Ared%7Clabel%3A2%7C32.71528,-117.15639"
7456,1462,1462,0,"http://maps.google.com/maps/api/staticmap?size=500x500&sensor=false&maptype=road&markers=color%3Agreen%7Clabel%3A1%7C48.18083,-116.90833&markers=color%3Ared%7C33.64028,-116.13861&markers=color%3Agreen%7Clabel%3A2%7C48.18083,-116.90833&markers=color%3Ared%7Clabel%3A2%7C33.64028,-116.13861"
7459,796,796,0,"http://maps.google.com/maps/api/staticmap?size=500x500&sensor=false&maptype=road&markers=color%3Agreen%7Clabel%3A1%7C41.31667,-110.38361&markers=color%3Ared%7C35.37333,-119.01778&markers=color%3Agreen%7Clabel%3A2%7C41.31667,-110.38361&markers=color%3Ared%7Clabel%3A2%7C35.37333,-119.01778"
7510,1646,1646,0,"http://maps.google.com/maps/api/staticmap?size=500x500&sensor=false&maptype=road&markers=color%3Agreen%7Clabel%3A1%7C36.76111,-103.83361&markers=color%3Ared%7C43.15472,-77.61583&markers=color%3Agreen%7Clabel%3A2%7C36.76111,-103.83361&markers=color%3Ared%7Clabel%3A2%7C43.15472,-77.61583&markers=color%3Agreen%7Clabel%3A3%7C36.76111,-103.83361&markers=color%3Ared%7Clabel%3A3%7C43.15472,-77.61583&markers=color%3Agreen%7Clabel%3A4%7C36.76111,-103.83361&markers=color%3Ared%7Clabel%3A4%7C43.15472,-77.61583&markers=color%3Agreen%7Clabel%3A5%7C36.76111,-103.83361&markers=color%3Ared%7Clabel%3A5%7C43.017,-78.683"
7525,1395,1394,-1,"http://maps.google.com/maps/api/staticmap?size=500x500&sensor=false&maptype=road&markers=color%3Agreen%7Clabel%3A1%7C36.76111,-103.83361&markers=color%3Ared%7C41.1575,-81.24222&markers=color%3Agreen%7Clabel%3A2%7C36.76111,-103.83361&markers=color%3Ared%7Clabel%3A2%7C41.1575,-81.24222&markers=color%3Agreen%7Clabel%3A3%7C36.76111,-103.83361&markers=color%3Ared%7Clabel%3A3%7C41.1575,-81.24222&markers=color%3Agreen%7Clabel%3A4%7C36.76111,-103.83361&markers=color%3Ared%7Clabel%3A4%7C41.1575,-81.24222&markers=color%3Agreen%7Clabel%3A5%7C36.76111,-103.83361&markers=color%3Ared%7Clabel%3A5%7C41.1575,-81.24222"
7539,1753,1753,0,"http://maps.google.com/maps/api/staticmap?size=500x500&sensor=false&maptype=road&markers=color%3Agreen%7Clabel%3A1%7C32.72528,-97.32056&markers=color%3Ared%7C42.24583,-71.90917&markers=color%3Agreen%7Clabel%3A2%7C32.72528,-97.32056&markers=color%3Ared%7Clabel%3A2%7C42.24583,-71.90917"
7545,662,664,2,"http://maps.google.com/maps/api/staticmap?size=500x500&sensor=false&maptype=road&markers=color%3Agreen%7Clabel%3A1%7C37.08417,-94.51306&markers=color%3Ared%7C39.16194,-84.45694&markers=color%3Agreen%7Clabel%3A2%7C37.08417,-94.51306&markers=color%3Ared%7Clabel%3A2%7C39.16194,-84.45694&markers=color%3Agreen%7Clabel%3A3%7C37.17639,-94.31&markers=color%3Ared%7Clabel%3A3%7C39.16194,-84.45694&markers=color%3Agreen%7Clabel%3A4%7C37.45556,-94.68889&markers=color%3Ared%7Clabel%3A4%7C39.16194,-84.45694&markers=color%3Agreen%7Clabel%3A5%7C37.08417,-94.51306&markers=color%3Ared%7Clabel%3A5%7C39.75889,-84.19167"
7548,1393,1393,0,"http://maps.google.com/maps/api/staticmap?size=500x500&sensor=false&maptype=road&markers=color%3Agreen%7Clabel%3A1%7C32.48222,-96.99417&markers=color%3Ared%7C43.383,-80.317&markers=color%3Agreen%7Clabel%3A2%7C32.48222,-96.99417&markers=color%3Ared%7Clabel%3A2%7C43.383,-80.317"
7556,1724,1723,-1,"http://maps.google.com/maps/api/staticmap?size=500x500&sensor=false&maptype=road&markers=color%3Agreen%7Clabel%3A1%7C36.72806,-108.21806&markers=color%3Ared%7C41.27361,-82.84167&markers=color%3Agreen%7Clabel%3A2%7C36.72806,-108.21806&markers=color%3Ared%7Clabel%3A2%7C41.27361,-82.84167"
7560,1921,1921,0,"http://maps.google.com/maps/api/staticmap?size=500x500&sensor=false&maptype=road&markers=color%3Agreen%7Clabel%3A1%7C37.57917,-106.1475&markers=color%3Ared%7C35.11611,-78.13639&markers=color%3Agreen%7Clabel%3A2%7C37.57917,-106.1475&markers=color%3Ared%7Clabel%3A2%7C35.11611,-78.13639"
7565,1602,1602,0,"http://maps.google.com/maps/api/staticmap?size=500x500&sensor=false&maptype=road&markers=color%3Agreen%7Clabel%3A1%7C36.72806,-108.21806&markers=color%3Ared%7C39.96111,-82.99889&markers=color%3Agreen%7Clabel%3A2%7C36.72806,-108.21806&markers=color%3Ared%7Clabel%3A2%7C39.96111,-82.99889"
7571,1060,1057,-3,"http://maps.google.com/maps/api/staticmap?size=500x500&sensor=false&maptype=road&markers=color%3Agreen%7Clabel%3A1%7C32.78333,-96.8&markers=color%3Ared%7C34.98528,-80.54972&markers=color%3Agreen%7Clabel%3A2%7C32.78333,-96.8&markers=color%3Ared%7Clabel%3A2%7C34.98528,-80.54972&markers=color%3Agreen%7Clabel%3A3%7C32.95361,-96.89&markers=color%3Ared%7Clabel%3A3%7C34.22722,-80.68944"
7594,793,793,0,"http://maps.google.com/maps/api/staticmap?size=500x500&sensor=false&maptype=road&markers=color%3Agreen%7Clabel%3A1%7C35.43972,-95.98167&markers=color%3Ared%7C39.09083,-84.85&markers=color%3Agreen%7Clabel%3A2%7C35.43972,-95.98167&markers=color%3Ared%7Clabel%3A2%7C39.09083,-84.85"
7598,768,767,-1,"http://maps.google.com/maps/api/staticmap?size=500x500&sensor=false&maptype=road&markers=color%3Agreen%7Clabel%3A1%7C38.84028,-97.61111&markers=color%3Ared%7C38.04917,-84.50028&markers=color%3Agreen%7Clabel%3A2%7C38.84028,-97.61111&markers=color%3Ared%7Clabel%3A2%7C38.04917,-84.50028&markers=color%3Agreen%7Clabel%3A3%7C38.84028,-97.61111&markers=color%3Ared%7Clabel%3A3%7C38.04917,-84.50028&markers=color%3Agreen%7Clabel%3A4%7C38.84028,-97.61111&markers=color%3Ared%7Clabel%3A4%7C38.04917,-84.50028&markers=color%3Agreen%7Clabel%3A5%7C38.84028,-97.61111&markers=color%3Ared%7Clabel%3A5%7C38.04917,-84.50028"
7604,827,826,-1,"http://maps.google.com/maps/api/staticmap?size=500x500&sensor=false&maptype=road&markers=color%3Agreen%7Clabel%3A1%7C39.49861,-98.54167&markers=color%3Ared%7C38.04917,-84.50028&markers=color%3Agreen%7Clabel%3A2%7C39.49861,-98.54167&markers=color%3Ared%7Clabel%3A2%7C38.04917,-84.50028&markers=color%3Agreen%7Clabel%3A3%7C39.49861,-98.54167&markers=color%3Ared%7Clabel%3A3%7C38.04917,-84.50028&markers=color%3Agreen%7Clabel%3A4%7C39.49861,-98.54167&markers=color%3Ared%7Clabel%3A4%7C38.04917,-84.50028&markers=color%3Agreen%7Clabel%3A5%7C39.49861,-98.54167&markers=color%3Ared%7Clabel%3A5%7C38.04917,-84.50028"
7605,496,496,0,"http://maps.google.com/maps/api/staticmap?size=500x500&sensor=false&maptype=road&markers=color%3Agreen%7Clabel%3A1%7C32.78333,-96.8&markers=color%3Ared%7C32.36417,-88.70361&markers=color%3Agreen%7Clabel%3A2%7C32.78333,-96.8&markers=color%3Ared%7Clabel%3A2%7C32.36417,-88.70361"
7624,893,892,-1,"http://maps.google.com/maps/api/staticmap?size=500x500&sensor=false&maptype=road&markers=color%3Agreen%7Clabel%3A1%7C36.11611,-98.31667&markers=color%3Ared%7C38.04917,-84.50028&markers=color%3Agreen%7Clabel%3A2%7C36.11611,-98.31667&markers=color%3Ared%7Clabel%3A2%7C38.04917,-84.50028&markers=color%3Agreen%7Clabel%3A3%7C36.11611,-98.31667&markers=color%3Ared%7Clabel%3A3%7C38.04917,-84.50028&markers=color%3Agreen%7Clabel%3A4%7C36.11611,-98.31667&markers=color%3Ared%7Clabel%3A4%7C38.04917,-84.50028&markers=color%3Agreen%7Clabel%3A5%7C36.11611,-98.31667&markers=color%3Ared%7Clabel%3A5%7C38.04917,-84.50028"
7626,1103,1092,-11,"http://maps.google.com/maps/api/staticmap?size=500x500&sensor=false&maptype=road&markers=color%3Agreen%7Clabel%3A1%7C32.76667,-96.59889&markers=color%3Ared%7C28.05,-81.95&markers=color%3Agreen%7Clabel%3A2%7C32.76667,-96.59889&markers=color%3Ared%7Clabel%3A2%7C28.05,-81.95&markers=color%3Agreen%7Clabel%3A3%7C32.76667,-96.59889&markers=color%3Ared%7Clabel%3A3%7C28.05,-81.95&markers=color%3Agreen%7Clabel%3A4%7C32.76667,-96.59889&markers=color%3Ared%7Clabel%3A4%7C28.05,-81.95&markers=color%3Agreen%7Clabel%3A5%7C32.9125,-96.63861&markers=color%3Ared%7Clabel%3A5%7C28.53806,-81.37944"
7634,646,645,-1,"http://maps.google.com/maps/api/staticmap?size=500x500&sensor=false&maptype=road&markers=color%3Agreen%7Clabel%3A1%7C32.44861,-99.73278&markers=color%3Ared%7C35.84222,-90.70417&markers=color%3Agreen%7Clabel%3A2%7C32.44861,-99.73278&markers=color%3Ared%7Clabel%3A2%7C35.84222,-90.70417"
7682,1191,1169,-22,"http://maps.google.com/maps/api/staticmap?size=500x500&sensor=false&maptype=road&markers=color%3Agreen%7Clabel%3A1%7C33.65611,-96.90667&markers=color%3Ared%7C27.90111,-81.58611&markers=color%3Agreen%7Clabel%3A2%7C33.65611,-96.90667&markers=color%3Ared%7Clabel%3A2%7C27.90111,-81.58611&markers=color%3Agreen%7Clabel%3A3%7C33.62583,-97.13306&markers=color%3Ared%7Clabel%3A3%7C27.94722,-82.45861&markers=color%3Agreen%7Clabel%3A4%7C32.9125,-96.63861&markers=color%3Ared%7Clabel%3A4%7C28.53806,-81.37944&markers=color%3Agreen%7Clabel%3A5%7C32.78333,-96.8&markers=color%3Ared%7Clabel%3A5%7C28.53806,-81.37944"
7685,926,924,-2,"http://maps.google.com/maps/api/staticmap?size=500x500&sensor=false&maptype=road&markers=color%3Agreen%7Clabel%3A1%7C34.40472,-103.20472&markers=color%3Ared%7C35.61444,-88.81389&markers=color%3Agreen%7Clabel%3A2%7C34.40472,-103.20472&markers=color%3Ared%7Clabel%3A2%7C35.61444,-88.81389&markers=color%3Agreen%7Clabel%3A3%7C34.815,-102.39722&markers=color%3Ared%7Clabel%3A3%7C35.61444,-88.81389"
7698,1537,1523,-14,"http://maps.google.com/maps/api/staticmap?size=500x500&sensor=false&maptype=road&markers=color%3Agreen%7Clabel%3A1%7C37.57917,-106.1475&markers=color%3Ared%7C33.9925,-83.72028&markers=color%3Agreen%7Clabel%3A2%7C37.57917,-106.1475&markers=color%3Ared%7Clabel%3A2%7C33.9925,-83.72028&markers=color%3Agreen%7Clabel%3A3%7C37.75306,-106.10806&markers=color%3Ared%7Clabel%3A3%7C33.62194,-84.36917&markers=color%3Agreen%7Clabel%3A4%7C37.46944,-105.86944&markers=color%3Ared%7Clabel%3A4%7C33.74889,-84.38806&markers=color%3Agreen%7Clabel%3A5%7C37.46944,-105.86944&markers=color%3Ared%7Clabel%3A5%7C33.74889,-84.38806"
7702,468,468,0,"http://maps.google.com/maps/api/staticmap?size=500x500&sensor=false&maptype=road&markers=color%3Agreen%7Clabel%3A1%7C37.69222,-97.33722&markers=color%3Ared%7C40.617,-91.3&markers=color%3Agreen%7Clabel%3A2%7C37.69222,-97.33722&markers=color%3Ared%7Clabel%3A2%7C40.617,-91.3"
7710,1094,1094,0,"http://maps.google.com/maps/api/staticmap?size=500x500&sensor=false&maptype=road&markers=color%3Agreen%7Clabel%3A1%7C38.667,-104.8&markers=color%3Ared%7C41.85,-87.65&markers=color%3Agreen%7Clabel%3A2%7C38.667,-104.8&markers=color%3Ared%7Clabel%3A2%7C41.85,-87.65"
7717,1227,1227,0,"http://maps.google.com/maps/api/staticmap?size=500x500&sensor=false&maptype=road&markers=color%3Agreen%7Clabel%3A1%7C36.76111,-103.83361&markers=color%3Ared%7C41.43194,-85.02&markers=color%3Agreen%7Clabel%3A2%7C36.76111,-103.83361&markers=color%3Ared%7Clabel%3A2%7C41.43194,-85.02&markers=color%3Agreen%7Clabel%3A3%7C36.76111,-103.83361&markers=color%3Ared%7Clabel%3A3%7C41.43194,-85.02&markers=color%3Agreen%7Clabel%3A4%7C36.76111,-103.83361&markers=color%3Ared%7Clabel%3A4%7C41.43194,-85.02&markers=color%3Agreen%7Clabel%3A5%7C36.76111,-103.83361&markers=color%3Ared%7Clabel%3A5%7C41.43194,-85.02"
7728,1433,1421,-12,"http://maps.google.com/maps/api/staticmap?size=500x500&sensor=false&maptype=road&markers=color%3Agreen%7Clabel%3A1%7C37.07917,-106.00806&markers=color%3Ared%7C41.43194,-85.02&markers=color%3Agreen%7Clabel%3A2%7C37.07917,-106.00806&markers=color%3Ared%7Clabel%3A2%7C41.43194,-85.02&markers=color%3Agreen%7Clabel%3A3%7C37.07917,-106.00806&markers=color%3Ared%7Clabel%3A3%7C41.43194,-85.02&markers=color%3Agreen%7Clabel%3A4%7C37.07917,-106.00806&markers=color%3Ared%7Clabel%3A4%7C41.43194,-85.02&markers=color%3Agreen%7Clabel%3A5%7C37.07917,-106.00806&markers=color%3Ared%7Clabel%3A5%7C41.43194,-85.02"
7730,559,555,-4,"http://maps.google.com/maps/api/staticmap?size=500x500&sensor=false&maptype=road&markers=color%3Agreen%7Clabel%3A1%7C36.87444,-94.87722&markers=color%3Ared%7C41.33083,-88.70806&markers=color%3Agreen%7Clabel%3A2%7C36.87444,-94.87722&markers=color%3Ared%7Clabel%3A2%7C41.33083,-88.70806&markers=color%3Agreen%7Clabel%3A3%7C37.08417,-94.51306&markers=color%3Ared%7Clabel%3A3%7C41.8875,-88.30528"
7743,1014,1008,-6,"http://maps.google.com/maps/api/staticmap?size=500x500&sensor=false&maptype=road&markers=color%3Agreen%7Clabel%3A1%7C37.69222,-97.33722&markers=color%3Ared%7C42.25,-82.25&markers=color%3Agreen%7Clabel%3A2%7C37.69222,-97.33722&markers=color%3Ared%7Clabel%3A2%7C42.25,-82.25&markers=color%3Agreen%7Clabel%3A3%7C38.06083,-97.92944&markers=color%3Ared%7Clabel%3A3%7C42.4,-82.183&markers=color%3Agreen%7Clabel%3A4%7C37.69222,-97.33722&markers=color%3Ared%7Clabel%3A4%7C41.49944,-81.69556"
7762,575,580,5,"http://maps.google.com/maps/api/staticmap?size=500x500&sensor=false&maptype=road&markers=color%3Agreen%7Clabel%3A1%7C37.33861,-92.90694&markers=color%3Ared%7C43.31389,-89.52639&markers=color%3Agreen%7Clabel%3A2%7C37.33861,-92.90694&markers=color%3Ared%7Clabel%3A2%7C43.31389,-89.52639&markers=color%3Agreen%7Clabel%3A3%7C37.33861,-92.90694&markers=color%3Ared%7Clabel%3A3%7C43.31389,-89.52639"
7770,621,622,1,"http://maps.google.com/maps/api/staticmap?size=500x500&sensor=false&maptype=road&markers=color%3Agreen%7Clabel%3A1%7C33.16333,-96.35972&markers=color%3Ared%7C41.25861,-95.9375&markers=color%3Agreen%7Clabel%3A2%7C33.16333,-96.35972&markers=color%3Ared%7Clabel%3A2%7C41.25861,-95.9375&markers=color%3Agreen%7Clabel%3A3%7C32.78333,-96.8&markers=color%3Ared%7Clabel%3A3%7C41.25861,-95.9375"
7838,823,822,-1,"http://maps.google.com/maps/api/staticmap?size=500x500&sensor=false&maptype=road&markers=color%3Agreen%7Clabel%3A1%7C32.80833,-98.1125&markers=color%3Ared%7C42.03472,-93.61972&markers=color%3Agreen%7Clabel%3A2%7C32.80833,-98.1125&markers=color%3Ared%7Clabel%3A2%7C42.03472,-93.61972"
7856,484,520,36,"http://maps.google.com/maps/api/staticmap?size=500x500&sensor=false&maptype=road&markers=color%3Agreen%7Clabel%3A1%7C32.78333,-96.8&markers=color%3Ared%7C39.075,-94.67222&markers=color%3Agreen%7Clabel%3A2%7C32.78333,-96.8&markers=color%3Ared%7Clabel%3A2%7C39.075,-94.67222&markers=color%3Agreen%7Clabel%3A3%7C32.78333,-96.8&markers=color%3Ared%7Clabel%3A3%7C39.04167,-94.72&markers=color%3Agreen%7Clabel%3A4%7C32.78333,-96.8&markers=color%3Ared%7Clabel%3A4%7C39.11417,-94.62722&markers=color%3Agreen%7Clabel%3A5%7C32.78333,-96.8&markers=color%3Ared%7Clabel%3A5%7C38.95361,-94.73333"
7876,1008,1008,0,"http://maps.google.com/maps/api/staticmap?size=500x500&sensor=false&maptype=road&markers=color%3Agreen%7Clabel%3A1%7C32.57889,-97.36222&markers=color%3Ared%7C40.51778,-108.08639&markers=color%3Agreen%7Clabel%3A2%7C32.57889,-97.36222&markers=color%3Ared%7Clabel%3A2%7C40.51778,-108.08639"
7882,755,755,0,"http://maps.google.com/maps/api/staticmap?size=500x500&sensor=false&maptype=road&markers=color%3Agreen%7Clabel%3A1%7C40.69944,-99.08111&markers=color%3Ared%7C40.76083,-111.89028&markers=color%3Agreen%7Clabel%3A2%7C40.69944,-99.08111&markers=color%3Ared%7Clabel%3A2%7C40.76083,-111.89028"
7884,323,323,0,"http://maps.google.com/maps/api/staticmap?size=500x500&sensor=false&maptype=road&markers=color%3Agreen%7Clabel%3A1%7C35.05944,-94.2525&markers=color%3Ared%7C38.81,-94.93&markers=color%3Agreen%7Clabel%3A2%7C35.05944,-94.2525&markers=color%3Ared%7Clabel%3A2%7C38.81,-94.93"
7909,361,361,0,"http://maps.google.com/maps/api/staticmap?size=500x500&sensor=false&maptype=road&markers=color%3Agreen%7Clabel%3A1%7C38.47833,-107.87556&markers=color%3Ared%7C40.53028,-104.71083&markers=color%3Agreen%7Clabel%3A2%7C38.47833,-107.87556&markers=color%3Ared%7Clabel%3A2%7C40.53028,-104.71083&markers=color%3Agreen%7Clabel%3A3%7C38.605,-107.98167&markers=color%3Ared%7Clabel%3A3%7C40.23333,-104.99806"
7920,316,322,6,"http://maps.google.com/maps/api/staticmap?size=500x500&sensor=false&maptype=road&markers=color%3Agreen%7Clabel%3A1%7C32.72528,-97.32056&markers=color%3Ared%7C33.57778,-101.85472&markers=color%3Agreen%7Clabel%3A2%7C32.72528,-97.32056&markers=color%3Ared%7Clabel%3A2%7C33.57778,-101.85472&markers=color%3Agreen%7Clabel%3A3%7C32.82333,-97.17028&markers=color%3Ared%7Clabel%3A3%7C33.57778,-101.85472&markers=color%3Agreen%7Clabel%3A4%7C32.93417,-97.07778&markers=color%3Ared%7Clabel%3A4%7C33.57778,-101.85472&markers=color%3Agreen%7Clabel%3A5%7C32.81389,-96.94861&markers=color%3Ared%7Clabel%3A5%7C33.57778,-101.85472"
7932,625,625,0,"http://maps.google.com/maps/api/staticmap?size=500x500&sensor=false&maptype=road&markers=color%3Agreen%7Clabel%3A1%7C33.89556,-94.82611&markers=color%3Ared%7C41.29111,-94.56806&markers=color%3Agreen%7Clabel%3A2%7C33.89556,-94.82611&markers=color%3Ared%7Clabel%3A2%7C41.29111,-94.56806"
7945,813,813,0,"http://maps.google.com/maps/api/staticmap?size=500x500&sensor=false&maptype=road&markers=color%3Agreen%7Clabel%3A1%7C37.07917,-106.00806&markers=color%3Ared%7C41.017,-95.783&markers=color%3Agreen%7Clabel%3A2%7C37.07917,-106.00806&markers=color%3Ared%7Clabel%3A2%7C41.017,-95.783&markers=color%3Agreen%7Clabel%3A3%7C37.07917,-106.00806&markers=color%3Ared%7Clabel%3A3%7C41.017,-95.783"
7951,37,36,-1,"http://maps.google.com/maps/api/staticmap?size=500x500&sensor=false&maptype=road&markers=color%3Agreen%7Clabel%3A1%7C32.90278,-96.56361&markers=color%3Ared%7C33.13833,-96.11056&markers=color%3Agreen%7Clabel%3A2%7C32.90278,-96.56361&markers=color%3Ared%7Clabel%3A2%7C33.13833,-96.11056&markers=color%3Agreen%7Clabel%3A3%7C32.93417,-97.07778&markers=color%3Ared%7Clabel%3A3%7C32.78333,-96.8&markers=color%3Agreen%7Clabel%3A4%7C32.97472,-97.3475&markers=color%3Ared%7Clabel%3A4%7C32.78333,-96.8"
7954,124,123,-1,"http://maps.google.com/maps/api/staticmap?size=500x500&sensor=false&maptype=road&markers=color%3Agreen%7Clabel%3A1%7C33.57778,-101.85472&markers=color%3Ared%7C35.22194,-101.83083&markers=color%3Agreen%7Clabel%3A2%7C33.57778,-101.85472&markers=color%3Ared%7Clabel%3A2%7C35.22194,-101.83083"
7961,206,204,-2,"http://maps.google.com/maps/api/staticmap?size=500x500&sensor=false&maptype=road&markers=color%3Agreen%7Clabel%3A1%7C35.4675,-97.51611&markers=color%3Ared%7C32.78333,-96.8&markers=color%3Agreen%7Clabel%3A2%7C35.4675,-97.51611&markers=color%3Ared%7Clabel%3A2%7C32.78333,-96.8&markers=color%3Agreen%7Clabel%3A3%7C35.4675,-97.51611&markers=color%3Ared%7Clabel%3A3%7C32.40639,-97.21139"
7976,279,280,1,"http://maps.google.com/maps/api/staticmap?size=500x500&sensor=false&maptype=road&markers=color%3Agreen%7Clabel%3A1%7C35.05944,-94.2525&markers=color%3Ared%7C32.78333,-96.8&markers=color%3Agreen%7Clabel%3A2%7C35.05944,-94.2525&markers=color%3Ared%7Clabel%3A2%7C32.78333,-96.8&markers=color%3Agreen%7Clabel%3A3%7C35.05944,-94.2525&markers=color%3Ared%7Clabel%3A3%7C32.78333,-96.8&markers=color%3Agreen%7Clabel%3A4%7C35.05944,-94.2525&markers=color%3Ared%7Clabel%3A4%7C32.78333,-96.8&markers=color%3Agreen%7Clabel%3A5%7C35.05944,-94.2525&markers=color%3Ared%7Clabel%3A5%7C32.9125,-96.63861"
7980,684,689,5,"http://maps.google.com/maps/api/staticmap?size=500x500&sensor=false&maptype=road&markers=color%3Agreen%7Clabel%3A1%7C32.79639,-96.56056&markers=color%3Ared%7C34.80611,-106.73278&markers=color%3Agreen%7Clabel%3A2%7C32.79639,-96.56056&markers=color%3Ared%7Clabel%3A2%7C34.80611,-106.73278&markers=color%3Agreen%7Clabel%3A3%7C32.72528,-97.32056&markers=color%3Ared%7Clabel%3A3%7C34.80611,-106.73278"
7983,803,821,18,"http://maps.google.com/maps/api/staticmap?size=500x500&sensor=false&maptype=road&markers=color%3Agreen%7Clabel%3A1%7C32.58833,-96.95583&markers=color%3Ared%7C39.73917,-104.98417&markers=color%3Agreen%7Clabel%3A2%7C32.58833,-96.95583&markers=color%3Ared%7Clabel%3A2%7C39.73917,-104.98417&markers=color%3Agreen%7Clabel%3A3%7C32.58833,-96.95583&markers=color%3Ared%7Clabel%3A3%7C39.61333,-105.01611&markers=color%3Agreen%7Clabel%3A4%7C32.78333,-96.8&markers=color%3Ared%7Clabel%3A4%7C39.73917,-104.98417&markers=color%3Agreen%7Clabel%3A5%7C32.78333,-96.8&markers=color%3Ared%7Clabel%3A5%7C39.73917,-104.98417"
7997,873,826,-47,"http://maps.google.com/maps/api/staticmap?size=500x500&sensor=false&maptype=road&markers=color%3Agreen%7Clabel%3A1%7C33.57722,-96.17806&markers=color%3Ared%7C39.73917,-104.98417&markers=color%3Agreen%7Clabel%3A2%7C33.57722,-96.17806&markers=color%3Ared%7Clabel%3A2%7C39.73917,-104.98417&markers=color%3Agreen%7Clabel%3A3%7C33.13833,-95.60083&markers=color%3Ared%7Clabel%3A3%7C39.73917,-104.98417&markers=color%3Agreen%7Clabel%3A4%7C32.76667,-96.59889&markers=color%3Ared%7Clabel%3A4%7C39.73917,-104.98417&markers=color%3Agreen%7Clabel%3A5%7C34.18583,-96.88028&markers=color%3Ared%7Clabel%3A5%7C39.98528,-104.82"
8018,849,827,-22,"http://maps.google.com/maps/api/staticmap?size=500x500&sensor=false&maptype=road&markers=color%3Agreen%7Clabel%3A1%7C34.96722,-94.72444&markers=color%3Ared%7C39.64778,-104.98722&markers=color%3Agreen%7Clabel%3A2%7C34.96722,-94.72444&markers=color%3Ared%7Clabel%3A2%7C39.64778,-104.98722&markers=color%3Agreen%7Clabel%3A3%7C35.25361,-95.12278&markers=color%3Ared%7Clabel%3A3%7C39.72944,-104.83139&markers=color%3Agreen%7Clabel%3A4%7C35.13389,-94.53444&markers=color%3Ared%7Clabel%3A4%7C40.16722,-105.10139&markers=color%3Agreen%7Clabel%3A5%7C35.25361,-95.12278&markers=color%3Ared%7Clabel%3A5%7C39.98528,-104.82"
8022,342,336,-6,"http://maps.google.com/maps/api/staticmap?size=500x500&sensor=false&maptype=road&markers=color%3Agreen%7Clabel%3A1%7C32.93417,-97.07778&markers=color%3Ared%7C33.57778,-101.85472&markers=color%3Agreen%7Clabel%3A2%7C32.93417,-97.07778&markers=color%3Ared%7Clabel%3A2%7C33.57778,-101.85472&markers=color%3Agreen%7Clabel%3A3%7C32.82333,-97.17028&markers=color%3Ared%7Clabel%3A3%7C33.57778,-101.85472&markers=color%3Agreen%7Clabel%3A4%7C32.81389,-96.94861&markers=color%3Ared%7Clabel%3A4%7C33.57778,-101.85472&markers=color%3Agreen%7Clabel%3A5%7C32.78333,-96.8&markers=color%3Ared%7Clabel%3A5%7C33.57778,-101.85472"
8030,208,206,-2,"http://maps.google.com/maps/api/staticmap?size=500x500&sensor=false&maptype=road&markers=color%3Agreen%7Clabel%3A1%7C32.78333,-96.8&markers=color%3Ared%7C35.4675,-97.51611&markers=color%3Agreen%7Clabel%3A2%7C32.78333,-96.8&markers=color%3Ared%7Clabel%3A2%7C35.4675,-97.51611&markers=color%3Agreen%7Clabel%3A3%7C32.78333,-96.8&markers=color%3Ared%7Clabel%3A3%7C35.4675,-97.51611&markers=color%3Agreen%7Clabel%3A4%7C32.78333,-96.8&markers=color%3Ared%7Clabel%3A4%7C35.4675,-97.51611&markers=color%3Agreen%7Clabel%3A5%7C32.78333,-96.8&markers=color%3Ared%7Clabel%3A5%7C35.4675,-97.51611"
8048,208,206,-2,"http://maps.google.com/maps/api/staticmap?size=500x500&sensor=false&maptype=road&markers=color%3Agreen%7Clabel%3A1%7C32.78333,-96.8&markers=color%3Ared%7C35.4675,-97.51611&markers=color%3Agreen%7Clabel%3A2%7C32.78333,-96.8&markers=color%3Ared%7Clabel%3A2%7C35.4675,-97.51611&markers=color%3Agreen%7Clabel%3A3%7C32.78333,-96.8&markers=color%3Ared%7Clabel%3A3%7C35.4675,-97.51611&markers=color%3Agreen%7Clabel%3A4%7C32.78333,-96.8&markers=color%3Ared%7Clabel%3A4%7C35.4675,-97.51611&markers=color%3Agreen%7Clabel%3A5%7C32.78333,-96.8&markers=color%3Ared%7Clabel%3A5%7C35.4675,-97.51611"
8050,188,189,1,"http://maps.google.com/maps/api/staticmap?size=500x500&sensor=false&maptype=road&markers=color%3Agreen%7Clabel%3A1%7C32.72528,-97.32056&markers=color%3Ared%7C35.2225,-97.43917&markers=color%3Agreen%7Clabel%3A2%7C32.72528,-97.32056&markers=color%3Ared%7Clabel%3A2%7C35.2225,-97.43917&markers=color%3Agreen%7Clabel%3A3%7C32.72528,-97.32056&markers=color%3Ared%7Clabel%3A3%7C35.2225,-97.43917&markers=color%3Agreen%7Clabel%3A4%7C32.73556,-97.10778&markers=color%3Ared%7Clabel%3A4%7C35.4675,-97.51611&markers=color%3Agreen%7Clabel%3A5%7C32.89667,-97.0422&markers=color%3Ared%7Clabel%3A5%7C35.4675,-97.51611"
8063,582,599,17,"http://maps.google.com/maps/api/staticmap?size=500x500&sensor=false&maptype=road&markers=color%3Agreen%7Clabel%3A1%7C34.89833,-94.09056&markers=color%3Ared%7C34.22639,-102.72333&markers=color%3Agreen%7Clabel%3A2%7C34.89833,-94.09056&markers=color%3Ared%7Clabel%3A2%7C34.22639,-102.72333&markers=color%3Agreen%7Clabel%3A3%7C34.89833,-94.09056&markers=color%3Ared%7Clabel%3A3%7C34.22639,-102.72333&markers=color%3Agreen%7Clabel%3A4%7C34.32667,-93.55056&markers=color%3Ared%7Clabel%3A4%7C34.53583,-101.75806"
8074,199,197,-2,"http://maps.google.com/maps/api/staticmap?size=500x500&sensor=false&maptype=road&markers=color%3Agreen%7Clabel%3A1%7C32.78333,-96.8&markers=color%3Ared%7C30.26694,-97.74278&markers=color%3Agreen%7Clabel%3A2%7C32.78333,-96.8&markers=color%3Ared%7Clabel%3A2%7C30.26694,-97.74278&markers=color%3Agreen%7Clabel%3A3%7C32.78333,-96.8&markers=color%3Ared%7Clabel%3A3%7C30.26694,-97.74278&markers=color%3Agreen%7Clabel%3A4%7C32.78333,-96.8&markers=color%3Ared%7Clabel%3A4%7C30.26694,-97.74278&markers=color%3Agreen%7Clabel%3A5%7C32.78333,-96.8&markers=color%3Ared%7Clabel%3A5%7C30.26694,-97.74278"
8076,241,241,0,"http://maps.google.com/maps/api/staticmap?size=500x500&sensor=false&maptype=road&markers=color%3Agreen%7Clabel%3A1%7C32.78333,-96.8&markers=color%3Ared%7C29.76306,-95.36306&markers=color%3Agreen%7Clabel%3A2%7C32.78333,-96.8&markers=color%3Ared%7Clabel%3A2%7C29.76306,-95.36306&markers=color%3Agreen%7Clabel%3A3%7C32.78333,-96.8&markers=color%3Ared%7Clabel%3A3%7C29.76306,-95.36306&markers=color%3Agreen%7Clabel%3A4%7C32.78333,-96.8&markers=color%3Ared%7Clabel%3A4%7C29.76306,-95.36306&markers=color%3Agreen%7Clabel%3A5%7C32.78333,-96.8&markers=color%3Ared%7Clabel%3A5%7C29.76306,-95.36306"
8080,522,530,8,"http://maps.google.com/maps/api/staticmap?size=500x500&sensor=false&maptype=road&markers=color%3Agreen%7Clabel%3A1%7C36.18806,-94.54028&markers=color%3Ared%7C30.155,-95.21111&markers=color%3Agreen%7Clabel%3A2%7C36.18806,-94.54028&markers=color%3Ared%7Clabel%3A2%7C30.155,-95.21111&markers=color%3Agreen%7Clabel%3A3%7C36.18806,-94.54028&markers=color%3Ared%7Clabel%3A3%7C29.76306,-95.36306&markers=color%3Agreen%7Clabel%3A4%7C36.33194,-94.11833&markers=color%3Ared%7Clabel%3A4%7C29.66556,-95.01917&markers=color%3Agreen%7Clabel%3A5%7C35.74778,-95.36944&markers=color%3Ared%7Clabel%3A5%7C29.76306,-95.36306"
8082,204,197,-7,"http://maps.google.com/maps/api/staticmap?size=500x500&sensor=false&maptype=road&markers=color%3Agreen%7Clabel%3A1%7C32.74583,-96.9975&markers=color%3Ared%7C30.26694,-97.74278&markers=color%3Agreen%7Clabel%3A2%7C32.74583,-96.9975&markers=color%3Ared%7Clabel%3A2%7C30.26694,-97.74278&markers=color%3Agreen%7Clabel%3A3%7C32.81389,-96.94861&markers=color%3Ared%7Clabel%3A3%7C30.26694,-97.74278&markers=color%3Agreen%7Clabel%3A4%7C32.78333,-96.8&markers=color%3Ared%7Clabel%3A4%7C30.26694,-97.74278&markers=color%3Agreen%7Clabel%3A5%7C32.78333,-96.8&markers=color%3Ared%7Clabel%3A5%7C30.26694,-97.74278"
8084,239,227,-12,"http://maps.google.com/maps/api/staticmap?size=500x500&sensor=false&maptype=road&markers=color%3Agreen%7Clabel%3A1%7C34.96722,-94.72444&markers=color%3Ared%7C32.35111,-95.30083&markers=color%3Agreen%7Clabel%3A2%7C34.96722,-94.72444&markers=color%3Ared%7Clabel%3A2%7C32.35111,-95.30083&markers=color%3Agreen%7Clabel%3A3%7C35.12278,-95.37083&markers=color%3Ared%7Clabel%3A3%7C32.35111,-95.30083"
8087,169,172,3,"http://maps.google.com/maps/api/staticmap?size=500x500&sensor=false&maptype=road&markers=color%3Agreen%7Clabel%3A1%7C32.72528,-97.32056&markers=color%3Ared%7C30.50806,-97.67861&markers=color%3Agreen%7Clabel%3A2%7C32.72528,-97.32056&markers=color%3Ared%7Clabel%3A2%7C30.50806,-97.67861&markers=color%3Agreen%7Clabel%3A3%7C32.72528,-97.32056&markers=color%3Ared%7Clabel%3A3%7C30.085,-97.84&markers=color%3Agreen%7Clabel%3A4%7C32.74583,-96.9975&markers=color%3Ared%7Clabel%3A4%7C30.26694,-97.74278&markers=color%3Agreen%7Clabel%3A5%7C32.81389,-96.94861&markers=color%3Ared%7Clabel%3A5%7C30.26694,-97.74278"
8118,434,441,7,"http://maps.google.com/maps/api/staticmap?size=500x500&sensor=false&maptype=road&markers=color%3Agreen%7Clabel%3A1%7C35.05944,-94.2525&markers=color%3Ared%7C30.31167,-95.45583&markers=color%3Agreen%7Clabel%3A2%7C35.05944,-94.2525&markers=color%3Ared%7Clabel%3A2%7C30.31167,-95.45583&markers=color%3Agreen%7Clabel%3A3%7C35.05944,-94.2525&markers=color%3Ared%7Clabel%3A3%7C30.42472,-95.47972&markers=color%3Agreen%7Clabel%3A4%7C35.13,-94.65833&markers=color%3Ared%7Clabel%3A4%7C30.31167,-95.45583&markers=color%3Agreen%7Clabel%3A5%7C35.13389,-94.53444&markers=color%3Ared%7Clabel%3A5%7C30.07972,-95.41694"
8133,483,483,0,"http://maps.google.com/maps/api/staticmap?size=500x500&sensor=false&maptype=road&markers=color%3Agreen%7Clabel%3A1%7C32.80833,-98.1125&markers=color%3Ared%7C30.22389,-92.01972&markers=color%3Agreen%7Clabel%3A2%7C32.80833,-98.1125&markers=color%3Ared%7Clabel%3A2%7C30.22389,-92.01972&markers=color%3Agreen%7Clabel%3A3%7C32.80833,-98.1125&markers=color%3Ared%7Clabel%3A3%7C30.22389,-92.01972&markers=color%3Agreen%7Clabel%3A4%7C32.80833,-98.1125&markers=color%3Ared%7Clabel%3A4%7C30.22389,-92.01972&markers=color%3Agreen%7Clabel%3A5%7C32.80833,-98.1125&markers=color%3Ared%7Clabel%3A5%7C30.22389,-92.01972"
8134,474,466,-8,"http://maps.google.com/maps/api/staticmap?size=500x500&sensor=false&maptype=road&markers=color%3Agreen%7Clabel%3A1%7C35.13389,-94.53444&markers=color%3Ared%7C30.07972,-95.41694&markers=color%3Agreen%7Clabel%3A2%7C35.13389,-94.53444&markers=color%3Ared%7Clabel%3A2%7C30.07972,-95.41694&markers=color%3Agreen%7Clabel%3A3%7C35.13389,-94.53444&markers=color%3Ared%7Clabel%3A3%7C29.76306,-95.36306&markers=color%3Agreen%7Clabel%3A4%7C35.13,-94.65833&markers=color%3Ared%7Clabel%3A4%7C30.31167,-95.45583&markers=color%3Agreen%7Clabel%3A5%7C35.05944,-94.2525&markers=color%3Ared%7Clabel%3A5%7C30.31167,-95.45583"
8159,393,392,-1,"http://maps.google.com/maps/api/staticmap?size=500x500&sensor=false&maptype=road&markers=color%3Agreen%7Clabel%3A1%7C33.63556,-96.60861&markers=color%3Ared%7C29.97417,-93.99222&markers=color%3Agreen%7Clabel%3A2%7C33.63556,-96.60861&markers=color%3Ared%7Clabel%3A2%7C29.97417,-93.99222&markers=color%3Agreen%7Clabel%3A3%7C32.78333,-96.8&markers=color%3Ared%7Clabel%3A3%7C30.08583,-94.10167"
8160,357,342,-15,"http://maps.google.com/maps/api/staticmap?size=500x500&sensor=false&maptype=road&markers=color%3Agreen%7Clabel%3A1%7C35.05944,-94.2525&markers=color%3Ared%7C32.5325,-97.6175&markers=color%3Agreen%7Clabel%3A2%7C35.05944,-94.2525&markers=color%3Ared%7Clabel%3A2%7C32.5325,-97.6175&markers=color%3Agreen%7Clabel%3A3%7C35.05944,-94.2525&markers=color%3Ared%7Clabel%3A3%7C32.5325,-97.6175&markers=color%3Agreen%7Clabel%3A4%7C35.05944,-94.2525&markers=color%3Ared%7Clabel%3A4%7C32.72528,-97.32056&markers=color%3Agreen%7Clabel%3A5%7C35.383,-94.383&markers=color%3Ared%7Clabel%3A5%7C32.72528,-97.32056"
8161,137,137,0,"http://maps.google.com/maps/api/staticmap?size=500x500&sensor=false&maptype=road&markers=color%3Agreen%7Clabel%3A1%7C33.89556,-94.82611&markers=color%3Ared%7C32.35111,-95.30083&markers=color%3Agreen%7Clabel%3A2%7C33.89556,-94.82611&markers=color%3Ared%7Clabel%3A2%7C32.35111,-95.30083&markers=color%3Agreen%7Clabel%3A3%7C33.89556,-94.82611&markers=color%3Ared%7Clabel%3A3%7C32.35111,-95.30083&markers=color%3Agreen%7Clabel%3A4%7C33.89556,-94.82611&markers=color%3Ared%7Clabel%3A4%7C32.35111,-95.30083"
8176,253,264,11,"http://maps.google.com/maps/api/staticmap?size=500x500&sensor=false&maptype=road&markers=color%3Agreen%7Clabel%3A1%7C33.62583,-97.13306&markers=color%3Ared%7C30.26694,-97.74278&markers=color%3Agreen%7Clabel%3A2%7C33.62583,-97.13306&markers=color%3Ared%7Clabel%3A2%7C30.26694,-97.74278&markers=color%3Agreen%7Clabel%3A3%7C34.17417,-97.14333&markers=color%3Ared%7Clabel%3A3%7C30.26694,-97.74278&markers=color%3Agreen%7Clabel%3A4%7C32.81389,-96.94861&markers=color%3Ared%7Clabel%3A4%7C30.26694,-97.74278&markers=color%3Agreen%7Clabel%3A5%7C32.74583,-96.9975&markers=color%3Ared%7Clabel%3A5%7C30.26694,-97.74278"
8181,234,227,-7,"http://maps.google.com/maps/api/staticmap?size=500x500&sensor=false&maptype=road&markers=color%3Agreen%7Clabel%3A1%7C33.34889,-96.54833&markers=color%3Ared%7C30.67417,-96.36972&markers=color%3Agreen%7Clabel%3A2%7C33.34889,-96.54833&markers=color%3Ared%7Clabel%3A2%7C30.67417,-96.36972&markers=color%3Agreen%7Clabel%3A3%7C33.34889,-96.54833&markers=color%3Ared%7Clabel%3A3%7C30.67417,-96.36972&markers=color%3Agreen%7Clabel%3A4%7C32.72528,-97.32056&markers=color%3Ared%7Clabel%3A4%7C31.46361,-96.05778&markers=color%3Agreen%7Clabel%3A5%7C32.72528,-97.32056&markers=color%3Ared%7Clabel%3A5%7C31.46361,-96.05778"
8193,433,433,0,"http://maps.google.com/maps/api/staticmap?size=500x500&sensor=false&maptype=road&markers=color%3Agreen%7Clabel%3A1%7C35.39167,-97.94111&markers=color%3Ared%7C30.26694,-97.74278&markers=color%3Agreen%7Clabel%3A2%7C35.39167,-97.94111&markers=color%3Ared%7Clabel%3A2%7C30.26694,-97.74278"
8202,139,138,-1,"http://maps.google.com/maps/api/staticmap?size=500x500&sensor=false&maptype=road&markers=color%3Agreen%7Clabel%3A1%7C32.72528,-97.32056&markers=color%3Ared%7C31.46361,-96.05778&markers=color%3Agreen%7Clabel%3A2%7C32.72528,-97.32056&markers=color%3Ared%7Clabel%3A2%7C31.46361,-96.05778&markers=color%3Agreen%7Clabel%3A3%7C32.72528,-97.32056&markers=color%3Ared%7Clabel%3A3%7C31.46361,-96.05778&markers=color%3Agreen%7Clabel%3A4%7C32.40639,-97.21139&markers=color%3Ared%7Clabel%3A4%7C30.617,-96.35&markers=color%3Agreen%7Clabel%3A5%7C33.34889,-96.54833&markers=color%3Ared%7Clabel%3A5%7C30.67417,-96.36972"
8203,752,751,-1,"http://maps.google.com/maps/api/staticmap?size=500x500&sensor=false&maptype=road&markers=color%3Agreen%7Clabel%3A1%7C32.42056,-104.22833&markers=color%3Ared%7C32.08028,-92.66028&markers=color%3Agreen%7Clabel%3A2%7C32.42056,-104.22833&markers=color%3Ared%7Clabel%3A2%7C32.08028,-92.66028"
8208,104,103,-1,"http://maps.google.com/maps/api/staticmap?size=500x500&sensor=false&maptype=road&markers=color%3Agreen%7Clabel%3A1%7C32.22056,-98.20194&markers=color%3Ared%7C32.78333,-96.8&markers=color%3Agreen%7Clabel%3A2%7C32.22056,-98.20194&markers=color%3Ared%7Clabel%3A2%7C32.78333,-96.8&markers=color%3Agreen%7Clabel%3A3%7C32.54833,-98.36889&markers=color%3Ared%7Clabel%3A3%7C32.78333,-96.8&markers=color%3Agreen%7Clabel%3A4%7C32.54833,-98.36889&markers=color%3Ared%7Clabel%3A4%7C33.15056,-96.82333&markers=color%3Agreen%7Clabel%3A5%7C32.54194,-97.32056&markers=color%3Ared%7Clabel%3A5%7C33.23417,-97.58583"
8212,188,187,-1,"http://maps.google.com/maps/api/staticmap?size=500x500&sensor=false&maptype=road&markers=color%3Agreen%7Clabel%3A1%7C32.78333,-96.8&markers=color%3Ared%7C32.525,-93.75&markers=color%3Agreen%7Clabel%3A2%7C32.78333,-96.8&markers=color%3Ared%7Clabel%3A2%7C32.525,-93.75&markers=color%3Agreen%7Clabel%3A3%7C32.78333,-96.8&markers=color%3Ared%7Clabel%3A3%7C32.525,-93.75&markers=color%3Agreen%7Clabel%3A4%7C32.78333,-96.8&markers=color%3Ared%7Clabel%3A4%7C32.525,-93.75&markers=color%3Agreen%7Clabel%3A5%7C32.78333,-96.8&markers=color%3Ared%7Clabel%3A5%7C32.525,-93.75"
8213,648,642,-6,"http://maps.google.com/maps/api/staticmap?size=500x500&sensor=false&maptype=road&markers=color%3Agreen%7Clabel%3A1%7C33.57778,-101.85472&markers=color%3Ared%7C26.21556,-98.325&markers=color%3Agreen%7Clabel%3A2%7C33.57778,-101.85472&markers=color%3Ared%7Clabel%3A2%7C26.21556,-98.325&markers=color%3Agreen%7Clabel%3A3%7C33.57778,-101.85472&markers=color%3Ared%7Clabel%3A3%7C26.07139,-97.47611"
8230,362,356,-6,"http://maps.google.com/maps/api/staticmap?size=500x500&sensor=false&maptype=road&markers=color%3Agreen%7Clabel%3A1%7C32.64917,-96.71278&markers=color%3Ared%7C32.96361,-101.83222&markers=color%3Agreen%7Clabel%3A2%7C32.64917,-96.71278&markers=color%3Ared%7Clabel%3A2%7C32.96361,-101.83222&markers=color%3Agreen%7Clabel%3A3%7C32.78333,-96.8&markers=color%3Ared%7Clabel%3A3%7C33.57778,-101.85472&markers=color%3Agreen%7Clabel%3A4%7C32.78333,-96.8&markers=color%3Ared%7Clabel%3A4%7C33.57778,-101.85472&markers=color%3Agreen%7Clabel%3A5%7C32.78333,-96.8&markers=color%3Ared%7Clabel%3A5%7C33.57778,-101.85472"
8235,1372,1376,4,"http://maps.google.com/maps/api/staticmap?size=500x500&sensor=false&maptype=road&markers=color%3Agreen%7Clabel%3A1%7C32.72528,-97.32056&markers=color%3Ared%7C34.01222,-117.68806&markers=color%3Agreen%7Clabel%3A2%7C32.72528,-97.32056&markers=color%3Ared%7Clabel%3A2%7C34.01222,-117.68806&markers=color%3Agreen%7Clabel%3A3%7C32.74583,-96.9975&markers=color%3Ared%7Clabel%3A3%7C33.83528,-117.91361&markers=color%3Agreen%7Clabel%3A4%7C32.48222,-96.99417&markers=color%3Ared%7Clabel%3A4%7C33.89069,-118.23914&markers=color%3Agreen%7Clabel%3A5%7C32.48222,-96.99417&markers=color%3Ared%7Clabel%3A5%7C33.89069,-118.23914"
8240,291,293,2,"http://maps.google.com/maps/api/staticmap?size=500x500&sensor=false&maptype=road&markers=color%3Agreen%7Clabel%3A1%7C35.4675,-97.51611&markers=color%3Ared%7C32.44861,-99.73278&markers=color%3Agreen%7Clabel%3A2%7C35.4675,-97.51611&markers=color%3Ared%7Clabel%3A2%7C32.44861,-99.73278&markers=color%3Agreen%7Clabel%3A3%7C35.4675,-97.51611&markers=color%3Ared%7Clabel%3A3%7C32.44861,-99.73278&markers=color%3Agreen%7Clabel%3A4%7C35.01361,-97.36083&markers=color%3Ared%7Clabel%3A4%7C32.74472,-100.37722"
8252,362,362,0,"http://maps.google.com/maps/api/staticmap?size=500x500&sensor=false&maptype=road&markers=color%3Agreen%7Clabel%3A1%7C32.78333,-96.8&markers=color%3Ared%7C31.84556,-102.36722&markers=color%3Agreen%7Clabel%3A2%7C32.78333,-96.8&markers=color%3Ared%7Clabel%3A2%7C31.84556,-102.36722&markers=color%3Agreen%7Clabel%3A3%7C32.73556,-97.10778&markers=color%3Ared%7Clabel%3A3%7C31.84556,-102.36722&markers=color%3Agreen%7Clabel%3A4%7C32.78333,-96.8&markers=color%3Ared%7Clabel%3A4%7C31.99722,-102.0775&markers=color%3Agreen%7Clabel%3A5%7C32.48222,-96.99417&markers=color%3Ared%7Clabel%3A5%7C31.84556,-102.36722"
8260,503,503,0,"http://maps.google.com/maps/api/staticmap?size=500x500&sensor=false&maptype=road&markers=color%3Agreen%7Clabel%3A1%7C37.67889,-106.35278&markers=color%3Ared%7C31.75861,-106.48639&markers=color%3Agreen%7Clabel%3A2%7C37.67889,-106.35278&markers=color%3Ared%7Clabel%3A2%7C31.75861,-106.48639"
8272,1073,1073,0,"http://maps.google.com/maps/api/staticmap?size=500x500&sensor=false&maptype=road&markers=color%3Agreen%7Clabel%3A1%7C31.99722,-102.0775&markers=color%3Ared%7C34.067,-117.7&markers=color%3Agreen%7Clabel%3A2%7C31.99722,-102.0775&markers=color%3Ared%7Clabel%3A2%7C34.067,-117.7&markers=color%3Agreen%7Clabel%3A3%7C31.99722,-102.0775&markers=color%3Ared%7Clabel%3A3%7C34.067,-117.7"
8285,1015,1015,0,"http://maps.google.com/maps/api/staticmap?size=500x500&sensor=false&maptype=road&markers=color%3Agreen%7Clabel%3A1%7C39.73917,-104.98417&markers=color%3Ared%7C34.05222,-118.24278&markers=color%3Agreen%7Clabel%3A2%7C39.73917,-104.98417&markers=color%3Ared%7Clabel%3A2%7C34.05222,-118.24278&markers=color%3Agreen%7Clabel%3A3%7C39.73917,-104.98417&markers=color%3Ared%7Clabel%3A3%7C34.05222,-118.24278"
8289,1276,1276,0,"http://maps.google.com/maps/api/staticmap?size=500x500&sensor=false&maptype=road&markers=color%3Agreen%7Clabel%3A1%7C38.25444,-104.60861&markers=color%3Ared%7C38.70722,-121.28&markers=color%3Agreen%7Clabel%3A2%7C38.25444,-104.60861&markers=color%3Ared%7Clabel%3A2%7C38.70722,-121.28"
8291,1065,1065,0,"http://maps.google.com/maps/api/staticmap?size=500x500&sensor=false&maptype=road&markers=color%3Agreen%7Clabel%3A1%7C33.57778,-101.85472&markers=color%3Ared%7C34.10639,-117.59222&markers=color%3Agreen%7Clabel%3A2%7C33.57778,-101.85472&markers=color%3Ared%7Clabel%3A2%7C34.10639,-117.59222"
8302,2236,2236,0,"http://maps.google.com/maps/api/staticmap?size=500x500&sensor=false&maptype=road&markers=color%3Agreen%7Clabel%3A1%7C32.95361,-96.89&markers=color%3Ared%7C49.25,-123.117&markers=color%3Agreen%7Clabel%3A2%7C32.95361,-96.89&markers=color%3Ared%7Clabel%3A2%7C49.25,-123.117"
8303,1337,1333,-4,"http://maps.google.com/maps/api/staticmap?size=500x500&sensor=false&maptype=road&markers=color%3Agreen%7Clabel%3A1%7C30.45056,-91.15444&markers=color%3Ared%7C40.20528,-74.21417&markers=color%3Agreen%7Clabel%3A2%7C30.45056,-91.15444&markers=color%3Ared%7Clabel%3A2%7C40.20528,-74.21417&markers=color%3Agreen%7Clabel%3A3%7C30.45056,-91.15444&markers=color%3Ared%7Clabel%3A3%7C40.57417,-74.61028"
8322,345,344,-1,"http://maps.google.com/maps/api/staticmap?size=500x500&sensor=false&maptype=road&markers=color%3Agreen%7Clabel%3A1%7C35.61444,-88.81389&markers=color%3Ared%7C36.12222,-83.4925&markers=color%3Agreen%7Clabel%3A2%7C35.61444,-88.81389&markers=color%3Ared%7Clabel%3A2%7C36.12222,-83.4925"
8357,893,892,-1,"http://maps.google.com/maps/api/staticmap?size=500x500&sensor=false&maptype=road&markers=color%3Agreen%7Clabel%3A1%7C32.79167,-93.05556&markers=color%3Ared%7C34.88472,-79.69444&markers=color%3Agreen%7Clabel%3A2%7C32.79167,-93.05556&markers=color%3Ared%7Clabel%3A2%7C34.88472,-79.69444"
8361,1028,1028,0,"http://maps.google.com/maps/api/staticmap?size=500x500&sensor=false&maptype=road&markers=color%3Agreen%7Clabel%3A1%7C35.14944,-90.04889&markers=color%3Ared%7C42.91056,-76.79694&markers=color%3Agreen%7Clabel%3A2%7C35.14944,-90.04889&markers=color%3Ared%7Clabel%3A2%7C42.91056,-76.79694"
8364,945,954,9,"http://maps.google.com/maps/api/staticmap?size=500x500&sensor=false&maptype=road&markers=color%3Agreen%7Clabel%3A1%7C31.80861,-85.97&markers=color%3Ared%7C40.47444,-76.29167&markers=color%3Agreen%7Clabel%3A2%7C31.80861,-85.97&markers=color%3Ared%7Clabel%3A2%7C40.47444,-76.29167&markers=color%3Agreen%7Clabel%3A3%7C31.315,-85.85528&markers=color%3Ared%7Clabel%3A3%7C40.34083,-76.41167"
8369,886,885,-1,"http://maps.google.com/maps/api/staticmap?size=500x500&sensor=false&maptype=road&markers=color%3Agreen%7Clabel%3A1%7C34.983,-89.983&markers=color%3Ared%7C39.9375,-77.66139&markers=color%3Agreen%7Clabel%3A2%7C34.983,-89.983&markers=color%3Ared%7Clabel%3A2%7C39.9375,-77.66139"
8386,988,959,-29,"http://maps.google.com/maps/api/staticmap?size=500x500&sensor=false&maptype=road&markers=color%3Agreen%7Clabel%3A1%7C35.84222,-90.70417&markers=color%3Ared%7C39.9825,-77.24972&markers=color%3Agreen%7Clabel%3A2%7C35.84222,-90.70417&markers=color%3Ared%7Clabel%3A2%7C39.9825,-77.24972&markers=color%3Agreen%7Clabel%3A3%7C35.84222,-90.70417&markers=color%3Ared%7Clabel%3A3%7C39.9825,-77.24972&markers=color%3Agreen%7Clabel%3A4%7C35.84222,-90.70417&markers=color%3Ared%7Clabel%3A4%7C39.60056,-77.82083&markers=color%3Agreen%7Clabel%3A5%7C35.84222,-90.70417&markers=color%3Ared%7Clabel%3A5%7C40.03778,-76.30583"
8389,1276,1276,0,"http://maps.google.com/maps/api/staticmap?size=500x500&sensor=false&maptype=road&markers=color%3Agreen%7Clabel%3A1%7C35.87556,-89.39611&markers=color%3Ared%7C42.375,-70.98333&markers=color%3Agreen%7Clabel%3A2%7C35.87556,-89.39611&markers=color%3Ared%7Clabel%3A2%7C42.375,-70.98333&markers=color%3Agreen%7Clabel%3A3%7C35.87556,-89.39611&markers=color%3Ared%7Clabel%3A3%7C42.375,-70.98333&markers=color%3Agreen%7Clabel%3A4%7C35.87556,-89.39611&markers=color%3Ared%7Clabel%3A4%7C42.375,-70.98333&markers=color%3Agreen%7Clabel%3A5%7C35.87556,-89.39611&markers=color%3Ared%7Clabel%3A5%7C42.375,-70.98333"
8409,908,914,6,"http://maps.google.com/maps/api/staticmap?size=500x500&sensor=false&maptype=road&markers=color%3Agreen%7Clabel%3A1%7C31.78833,-87.72722&markers=color%3Ared%7C39.62361,-77.41111&markers=color%3Agreen%7Clabel%3A2%7C31.78833,-87.72722&markers=color%3Ared%7Clabel%3A2%7C39.62361,-77.41111&markers=color%3Agreen%7Clabel%3A3%7C31.78833,-87.72722&markers=color%3Ared%7Clabel%3A3%7C39.62361,-77.41111&markers=color%3Agreen%7Clabel%3A4%7C31.78833,-87.72722&markers=color%3Ared%7Clabel%3A4%7C39.29028,-76.6125&markers=color%3Agreen%7Clabel%3A5%7C30.92972,-88.02722&markers=color%3Ared%7Clabel%3A5%7C39.9625,-76.72806"
8420,989,986,-3,"http://maps.google.com/maps/api/staticmap?size=500x500&sensor=false&maptype=road&markers=color%3Agreen%7Clabel%3A1%7C33.52056,-86.8025&markers=color%3Ared%7C40.71639,-73.88167&markers=color%3Agreen%7Clabel%3A2%7C33.52056,-86.8025&markers=color%3Ared%7Clabel%3A2%7C40.71639,-73.88167&markers=color%3Agreen%7Clabel%3A3%7C33.52056,-86.8025&markers=color%3Ared%7Clabel%3A3%7C40.71639,-73.88167&markers=color%3Agreen%7Clabel%3A4%7C33.52056,-86.8025&markers=color%3Ared%7Clabel%3A4%7C40.71639,-73.88167&markers=color%3Agreen%7Clabel%3A5%7C33.52056,-86.8025&markers=color%3Ared%7Clabel%3A5%7C40.74472,-73.94917"
8423,1090,1090,0,"http://maps.google.com/maps/api/staticmap?size=500x500&sensor=false&maptype=road&markers=color%3Agreen%7Clabel%3A1%7C35.21853,-92.21228&markers=color%3Ared%7C36.81889,-76.27528&markers=color%3Agreen%7Clabel%3A2%7C35.21853,-92.21228&markers=color%3Ared%7Clabel%3A2%7C36.81889,-76.27528"
8439,981,981,0,"http://maps.google.com/maps/api/staticmap?size=500x500&sensor=false&maptype=road&markers=color%3Agreen%7Clabel%3A1%7C35.87556,-89.39611&markers=color%3Ared%7C40.60833,-75.49056&markers=color%3Agreen%7Clabel%3A2%7C35.87556,-89.39611&markers=color%3Ared%7Clabel%3A2%7C40.60833,-75.49056&markers=color%3Agreen%7Clabel%3A3%7C35.87556,-89.39611&markers=color%3Ared%7Clabel%3A3%7C40.60833,-75.49056&markers=color%3Agreen%7Clabel%3A4%7C35.87556,-89.39611&markers=color%3Ared%7Clabel%3A4%7C40.60833,-75.49056&markers=color%3Agreen%7Clabel%3A5%7C35.87556,-89.39611&markers=color%3Ared%7Clabel%3A5%7C40.60833,-75.49056"
8448,561,562,1,"http://maps.google.com/maps/api/staticmap?size=500x500&sensor=false&maptype=road&markers=color%3Agreen%7Clabel%3A1%7C31.91333,-87.73583&markers=color%3Ared%7C29.76306,-95.36306&markers=color%3Agreen%7Clabel%3A2%7C31.91333,-87.73583&markers=color%3Ared%7Clabel%3A2%7C29.76306,-95.36306&markers=color%3Agreen%7Clabel%3A3%7C31.91333,-87.73583&markers=color%3Ared%7Clabel%3A3%7C29.76306,-95.36306&markers=color%3Agreen%7Clabel%3A4%7C32.40722,-87.02111&markers=color%3Ared%7Clabel%3A4%7C29.76306,-95.36306"
8454,1823,1823,0,"http://maps.google.com/maps/api/staticmap?size=500x500&sensor=false&maptype=road&markers=color%3Agreen%7Clabel%3A1%7C31.46056,-92.77056&markers=color%3Ared%7C44.855,-69.90028&markers=color%3Agreen%7Clabel%3A2%7C31.46056,-92.77056&markers=color%3Ared%7Clabel%3A2%7C44.855,-69.90028"
8455,1234,1222,-12,"http://maps.google.com/maps/api/staticmap?size=500x500&sensor=false&maptype=road&markers=color%3Agreen%7Clabel%3A1%7C31.14306,-89.40972&markers=color%3Ared%7C40.7,-74.0&markers=color%3Agreen%7Clabel%3A2%7C31.14306,-89.40972&markers=color%3Ared%7Clabel%3A2%7C40.7,-74.0&markers=color%3Agreen%7Clabel%3A3%7C31.14306,-89.40972&markers=color%3Ared%7Clabel%3A3%7C40.93111,-73.89917&markers=color%3Agreen%7Clabel%3A4%7C31.14306,-89.40972&markers=color%3Ared%7Clabel%3A4%7C40.9125,-73.8375&markers=color%3Agreen%7Clabel%3A5%7C31.03611,-89.80472&markers=color%3Ared%7Clabel%3A5%7C40.7,-74.0"
8464,907,906,-1,"http://maps.google.com/maps/api/staticmap?size=500x500&sensor=false&maptype=road&markers=color%3Agreen%7Clabel%3A1%7C31.97889,-89.28722&markers=color%3Ared%7C40.105,-80.50806&markers=color%3Agreen%7Clabel%3A2%7C31.97889,-89.28722&markers=color%3Ared%7Clabel%3A2%7C40.105,-80.50806"
8482,620,592,-28,"http://maps.google.com/maps/api/staticmap?size=500x500&sensor=false&maptype=road&markers=color%3Agreen%7Clabel%3A1%7C32.58417,-88.18722&markers=color%3Ared%7C28.05,-81.95&markers=color%3Agreen%7Clabel%3A2%7C32.58417,-88.18722&markers=color%3Ared%7Clabel%3A2%7C28.05,-81.95&markers=color%3Agreen%7Clabel%3A3%7C33.20972,-87.56917&markers=color%3Ared%7Clabel%3A3%7C28.02194,-81.73306&markers=color%3Agreen%7Clabel%3A4%7C33.20972,-87.56917&markers=color%3Ared%7Clabel%3A4%7C27.94722,-82.45861&markers=color%3Agreen%7Clabel%3A5%7C33.20972,-87.56917&markers=color%3Ared%7Clabel%3A5%7C28.80389,-81.72583"
8483,689,678,-11,"http://maps.google.com/maps/api/staticmap?size=500x500&sensor=false&maptype=road&markers=color%3Agreen%7Clabel%3A1%7C33.52056,-86.8025&markers=color%3Ared%7C37.55361,-77.46056&markers=color%3Agreen%7Clabel%3A2%7C33.52056,-86.8025&markers=color%3Ared%7Clabel%3A2%7C37.55361,-77.46056&markers=color%3Agreen%7Clabel%3A3%7C33.52056,-86.8025&markers=color%3Ared%7Clabel%3A3%7C37.75889,-77.48028&markers=color%3Agreen%7Clabel%3A4%7C33.22889,-87.57722&markers=color%3Ared%7Clabel%3A4%7C37.22778,-77.40222&markers=color%3Agreen%7Clabel%3A5%7C33.20972,-87.56917&markers=color%3Ared%7Clabel%3A5%7C37.22778,-77.40222"
8499,981,984,3,"http://maps.google.com/maps/api/staticmap?size=500x500&sensor=false&maptype=road&markers=color%3Agreen%7Clabel%3A1%7C33.52056,-86.8025&markers=color%3Ared%7C40.74472,-73.94917&markers=color%3Agreen%7Clabel%3A2%7C33.52056,-86.8025&markers=color%3Ared%7Clabel%3A2%7C40.74472,-73.94917&markers=color%3Agreen%7Clabel%3A3%7C33.52056,-86.8025&markers=color%3Ared%7Clabel%3A3%7C40.71639,-73.88167&markers=color%3Agreen%7Clabel%3A4%7C33.52056,-86.8025&markers=color%3Ared%7Clabel%3A4%7C40.71639,-73.88167&markers=color%3Agreen%7Clabel%3A5%7C33.52056,-86.8025&markers=color%3Ared%7Clabel%3A5%7C40.71639,-73.88167"
8505,1006,1007,1,"http://maps.google.com/maps/api/staticmap?size=500x500&sensor=false&maptype=road&markers=color%3Agreen%7Clabel%3A1%7C32.36417,-88.70361&markers=color%3Ared%7C39.84944,-75.35611&markers=color%3Agreen%7Clabel%3A2%7C32.36417,-88.70361&markers=color%3Ared%7Clabel%3A2%7C39.84944,-75.35611&markers=color%3Agreen%7Clabel%3A3%7C32.36417,-88.70361&markers=color%3Ared%7Clabel%3A3%7C39.84944,-75.35611&markers=color%3Agreen%7Clabel%3A4%7C32.36417,-88.70361&markers=color%3Ared%7Clabel%3A4%7C39.84944,-75.35611&markers=color%3Agreen%7Clabel%3A5%7C32.36417,-88.70361&markers=color%3Ared%7Clabel%3A5%7C39.84944,-75.35611"
8516,725,736,11,"http://maps.google.com/maps/api/staticmap?size=500x500&sensor=false&maptype=road&markers=color%3Agreen%7Clabel%3A1%7C34.03778,-94.34111&markers=color%3Ared%7C39.76833,-86.15806&markers=color%3Agreen%7Clabel%3A2%7C34.03778,-94.34111&markers=color%3Ared%7Clabel%3A2%7C39.76833,-86.15806&markers=color%3Agreen%7Clabel%3A3%7C34.03778,-94.34111&markers=color%3Ared%7Clabel%3A3%7C39.52139,-85.77694"
8519,504,511,7,"http://maps.google.com/maps/api/staticmap?size=500x500&sensor=false&maptype=road&markers=color%3Agreen%7Clabel%3A1%7C30.69417,-88.04306&markers=color%3Ared%7C28.53806,-81.37944&markers=color%3Agreen%7Clabel%3A2%7C30.69417,-88.04306&markers=color%3Ared%7Clabel%3A2%7C28.53806,-81.37944&markers=color%3Agreen%7Clabel%3A3%7C30.69417,-88.04306&markers=color%3Ared%7Clabel%3A3%7C28.53806,-81.37944&markers=color%3Agreen%7Clabel%3A4%7C30.69417,-88.04306&markers=color%3Ared%7Clabel%3A4%7C28.53806,-81.37944&markers=color%3Agreen%7Clabel%3A5%7C30.69417,-88.04306&markers=color%3Ared%7Clabel%3A5%7C28.05,-81.95"
8528,833,839,6,"http://maps.google.com/maps/api/staticmap?size=500x500&sensor=false&maptype=road&markers=color%3Agreen%7Clabel%3A1%7C34.22833,-92.00306&markers=color%3Ared%7C41.03,-82.51583&markers=color%3Agreen%7Clabel%3A2%7C34.22833,-92.00306&markers=color%3Ared%7Clabel%3A2%7C41.03,-82.51583&markers=color%3Agreen%7Clabel%3A3%7C34.50028,-91.5525&markers=color%3Ared%7Clabel%3A3%7C40.58861,-83.12861&markers=color%3Agreen%7Clabel%3A4%7C34.30694,-92.40111&markers=color%3Ared%7Clabel%3A4%7C41.39306,-81.53667&markers=color%3Agreen%7Clabel%3A5%7C34.30694,-92.40111&markers=color%3Ared%7Clabel%3A5%7C41.39306,-81.53667"
8544,1203,1203,0,"http://maps.google.com/maps/api/staticmap?size=500x500&sensor=false&maptype=road&markers=color%3Agreen%7Clabel%3A1%7C33.72611,-93.47028&markers=color%3Ared%7C41.24111,-77.00139&markers=color%3Agreen%7Clabel%3A2%7C33.72611,-93.47028&markers=color%3Ared%7Clabel%3A2%7C41.24111,-77.00139"
8551,2000,1999,-1,"http://maps.google.com/maps/api/staticmap?size=500x500&sensor=false&maptype=road&markers=color%3Agreen%7Clabel%3A1%7C29.73528,-94.97722&markers=color%3Ared%7C44.48722,-70.7875&markers=color%3Agreen%7Clabel%3A2%7C29.73528,-94.97722&markers=color%3Ared%7Clabel%3A2%7C44.48722,-70.7875"
8557,1007,1007,0,"http://maps.google.com/maps/api/staticmap?size=500x500&sensor=false&maptype=road&markers=color%3Agreen%7Clabel%3A1%7C31.46056,-92.77056&markers=color%3Ared%7C39.96667,-82.88556&markers=color%3Agreen%7Clabel%3A2%7C31.46056,-92.77056&markers=color%3Ared%7Clabel%3A2%7C39.96667,-82.88556&markers=color%3Agreen%7Clabel%3A3%7C31.63139,-93.64389&markers=color%3Ared%7Clabel%3A3%7C39.96111,-82.99889&markers=color%3Agreen%7Clabel%3A4%7C31.63139,-93.64389&markers=color%3Ared%7Clabel%3A4%7C39.96111,-82.99889&markers=color%3Agreen%7Clabel%3A5%7C30.81583,-92.66028&markers=color%3Ared%7Clabel%3A5%7C40.2425,-82.85917"
8558,744,732,-12,"http://maps.google.com/maps/api/staticmap?size=500x500&sensor=false&maptype=road&markers=color%3Agreen%7Clabel%3A1%7C34.65806,-88.56667&markers=color%3Ared%7C28.68028,-81.50972&markers=color%3Agreen%7Clabel%3A2%7C34.65806,-88.56667&markers=color%3Ared%7Clabel%3A2%7C28.68028,-81.50972&markers=color%3Agreen%7Clabel%3A3%7C34.65806,-88.56667&markers=color%3Ared%7Clabel%3A3%7C28.68028,-81.50972&markers=color%3Agreen%7Clabel%3A4%7C34.65806,-88.56667&markers=color%3Ared%7Clabel%3A4%7C28.68028,-81.50972&markers=color%3Agreen%7Clabel%3A5%7C34.2575,-88.70333&markers=color%3Ared%7Clabel%3A5%7C28.68028,-81.50972"
8563,154,154,0,"http://maps.google.com/maps/api/staticmap?size=500x500&sensor=false&maptype=road&markers=color%3Agreen%7Clabel%3A1%7C32.3525,-90.87778&markers=color%3Ared%7C30.45194,-91.21&markers=color%3Agreen%7Clabel%3A2%7C32.3525,-90.87778&markers=color%3Ared%7Clabel%3A2%7C30.45194,-91.21&markers=color%3Agreen%7Clabel%3A3%7C32.3525,-90.87778&markers=color%3Ared%7Clabel%3A3%7C30.45194,-91.21"
8568,157,157,0,"http://maps.google.com/maps/api/staticmap?size=500x500&sensor=false&maptype=road&markers=color%3Agreen%7Clabel%3A1%7C32.3525,-90.87778&markers=color%3Ared%7C33.44639,-92.17389&markers=color%3Agreen%7Clabel%3A2%7C32.3525,-90.87778&markers=color%3Ared%7Clabel%3A2%7C33.44639,-92.17389&markers=color%3Agreen%7Clabel%3A3%7C32.3525,-90.87778&markers=color%3Ared%7Clabel%3A3%7C33.44639,-92.17389"
8592,629,608,-21,"http://maps.google.com/maps/api/staticmap?size=500x500&sensor=false&maptype=road&markers=color%3Agreen%7Clabel%3A1%7C33.20972,-87.56917&markers=color%3Ared%7C39.92417,-83.80889&markers=color%3Agreen%7Clabel%3A2%7C33.20972,-87.56917&markers=color%3Ared%7Clabel%3A2%7C39.92417,-83.80889&markers=color%3Agreen%7Clabel%3A3%7C33.20972,-87.56917&markers=color%3Ared%7Clabel%3A3%7C39.75889,-84.19167&markers=color%3Agreen%7Clabel%3A4%7C33.83111,-87.2775&markers=color%3Ared%7Clabel%3A4%7C40.23639,-83.36722&markers=color%3Agreen%7Clabel%3A5%7C33.6475,-87.93139&markers=color%3Ared%7Clabel%3A5%7C39.96111,-82.99889"
8594,109,105,-4,"http://maps.google.com/maps/api/staticmap?size=500x500&sensor=false&maptype=road&markers=color%3Agreen%7Clabel%3A1%7C31.57889,-90.44056&markers=color%3Ared%7C30.47528,-90.10083&markers=color%3Agreen%7Clabel%3A2%7C31.57889,-90.44056&markers=color%3Ared%7Clabel%3A2%7C30.47528,-90.10083&markers=color%3Agreen%7Clabel%3A3%7C31.57889,-90.44056&markers=color%3Ared%7Clabel%3A3%7C30.47528,-90.10083&markers=color%3Agreen%7Clabel%3A4%7C32.08083,-89.77583&markers=color%3Ared%7Clabel%3A4%7C29.90333,-90.07722"
8605,308,306,-2,"http://maps.google.com/maps/api/staticmap?size=500x500&sensor=false&maptype=road&markers=color%3Agreen%7Clabel%3A1%7C33.52056,-86.8025&markers=color%3Ared%7C30.36722,-89.09278&markers=color%3Agreen%7Clabel%3A2%7C33.52056,-86.8025&markers=color%3Ared%7Clabel%3A2%7C30.36722,-89.09278&markers=color%3Agreen%7Clabel%3A3%7C33.52056,-86.8025&markers=color%3Ared%7Clabel%3A3%7C30.36722,-89.09278&markers=color%3Agreen%7Clabel%3A4%7C33.40167,-86.95444&markers=color%3Ared%7Clabel%3A4%7C30.36722,-89.09278"
8611,388,382,-6,"http://maps.google.com/maps/api/staticmap?size=500x500&sensor=false&maptype=road&markers=color%3Agreen%7Clabel%3A1%7C34.44306,-88.65972&markers=color%3Ared%7C38.25417,-85.75944&markers=color%3Agreen%7Clabel%3A2%7C34.44306,-88.65972&markers=color%3Ared%7Clabel%3A2%7C38.25417,-85.75944&markers=color%3Agreen%7Clabel%3A3%7C34.74472,-87.6675&markers=color%3Ared%7Clabel%3A3%7C38.20083,-84.87333"
8616,225,224,-1,"http://maps.google.com/maps/api/staticmap?size=500x500&sensor=false&maptype=road&markers=color%3Agreen%7Clabel%3A1%7C34.2675,-86.20889&markers=color%3Ared%7C32.36417,-88.70361&markers=color%3Agreen%7Clabel%3A2%7C34.2675,-86.20889&markers=color%3Ared%7Clabel%3A2%7C32.36417,-88.70361"
8627,720,718,-2,"http://maps.google.com/maps/api/staticmap?size=500x500&sensor=false&maptype=road&markers=color%3Agreen%7Clabel%3A1%7C32.08083,-89.77583&markers=color%3Ared%7C38.783,-83.533&markers=color%3Agreen%7Clabel%3A2%7C32.08083,-89.77583&markers=color%3Ared%7Clabel%3A2%7C38.783,-83.533&markers=color%3Agreen%7Clabel%3A3%7C32.08083,-89.77583&markers=color%3Ared%7Clabel%3A3%7C38.783,-83.533&markers=color%3Agreen%7Clabel%3A4%7C32.08083,-89.77583&markers=color%3Ared%7Clabel%3A4%7C38.783,-83.533"
8628,164,175,11,"http://maps.google.com/maps/api/staticmap?size=500x500&sensor=false&maptype=road&markers=color%3Agreen%7Clabel%3A1%7C32.77139,-89.11667&markers=color%3Ared%7C33.52056,-86.8025&markers=color%3Agreen%7Clabel%3A2%7C32.77139,-89.11667&markers=color%3Ared%7Clabel%3A2%7C33.52056,-86.8025&markers=color%3Agreen%7Clabel%3A3%7C32.77139,-89.11667&markers=color%3Ared%7Clabel%3A3%7C33.58333,-86.77278&markers=color%3Agreen%7Clabel%3A4%7C33.31,-89.17278&markers=color%3Ared%7Clabel%3A4%7C33.52056,-86.8025&markers=color%3Agreen%7Clabel%3A5%7C33.31,-89.17278&markers=color%3Ared%7Clabel%3A5%7C33.52056,-86.8025"
8635,397,403,6,"http://maps.google.com/maps/api/staticmap?size=500x500&sensor=false&maptype=road&markers=color%3Agreen%7Clabel%3A1%7C35.14944,-90.04889&markers=color%3Ared%7C30.69417,-88.04306&markers=color%3Agreen%7Clabel%3A2%7C35.14944,-90.04889&markers=color%3Ared%7Clabel%3A2%7C30.69417,-88.04306&markers=color%3Agreen%7Clabel%3A3%7C34.96167,-89.82944&markers=color%3Ared%7Clabel%3A3%7C30.88278,-87.77306"
8646,398,399,1,"http://maps.google.com/maps/api/staticmap?size=500x500&sensor=false&maptype=road&markers=color%3Agreen%7Clabel%3A1%7C35.14944,-90.04889&markers=color%3Ared%7C37.64556,-84.77222&markers=color%3Agreen%7Clabel%3A2%7C35.14944,-90.04889&markers=color%3Ared%7Clabel%3A2%7C37.64556,-84.77222&markers=color%3Agreen%7Clabel%3A3%7C35.14944,-90.04889&markers=color%3Ared%7Clabel%3A3%7C37.64556,-84.77222&markers=color%3Agreen%7Clabel%3A4%7C35.14944,-90.04889&markers=color%3Ared%7Clabel%3A4%7C38.04917,-84.50028&markers=color%3Agreen%7Clabel%3A5%7C35.14944,-90.04889&markers=color%3Ared%7Clabel%3A5%7C37.10278,-85.30639"
8655,171,173,2,"http://maps.google.com/maps/api/staticmap?size=500x500&sensor=false&maptype=road&markers=color%3Agreen%7Clabel%3A1%7C33.31,-89.17278&markers=color%3Ared%7C33.58333,-86.77278&markers=color%3Agreen%7Clabel%3A2%7C33.31,-89.17278&markers=color%3Ared%7Clabel%3A2%7C33.58333,-86.77278&markers=color%3Agreen%7Clabel%3A3%7C33.31,-89.17278&markers=color%3Ared%7Clabel%3A3%7C33.52056,-86.8025&markers=color%3Agreen%7Clabel%3A4%7C33.31,-89.17278&markers=color%3Ared%7Clabel%3A4%7C33.52056,-86.8025&markers=color%3Agreen%7Clabel%3A5%7C32.77139,-89.11667&markers=color%3Ared%7Clabel%3A5%7C33.58333,-86.77278"
8668,187,179,-8,"http://maps.google.com/maps/api/staticmap?size=500x500&sensor=false&maptype=road&markers=color%3Agreen%7Clabel%3A1%7C32.36667,-86.3&markers=color%3Ared%7C31.23111,-84.21056&markers=color%3Agreen%7Clabel%3A2%7C32.36667,-86.3&markers=color%3Ared%7Clabel%3A2%7C31.23111,-84.21056&markers=color%3Agreen%7Clabel%3A3%7C32.36667,-86.3&markers=color%3Ared%7Clabel%3A3%7C31.23111,-84.21056&markers=color%3Agreen%7Clabel%3A4%7C32.36667,-86.3&markers=color%3Ared%7Clabel%3A4%7C31.45028,-83.50861&markers=color%3Agreen%7Clabel%3A5%7C32.05,-86.545&markers=color%3Ared%7Clabel%3A5%7C30.83639,-83.97889"
8681,195,187,-8,"http://maps.google.com/maps/api/staticmap?size=500x500&sensor=false&maptype=road&markers=color%3Agreen%7Clabel%3A1%7C32.3525,-90.87778&markers=color%3Ared%7C33.85528,-89.31139&markers=color%3Agreen%7Clabel%3A2%7C32.3525,-90.87778&markers=color%3Ared%7Clabel%3A2%7C33.85528,-89.31139&markers=color%3Agreen%7Clabel%3A3%7C32.3525,-90.87778&markers=color%3Ared%7Clabel%3A3%7C33.85528,-89.31139&markers=color%3Agreen%7Clabel%3A4%7C32.3525,-90.87778&markers=color%3Ared%7Clabel%3A4%7C33.55528,-89.08472&markers=color%3Agreen%7Clabel%3A5%7C32.22583,-90.23861&markers=color%3Ared%7Clabel%3A5%7C34.24778,-88.99861"
8684,249,249,0,"http://maps.google.com/maps/api/staticmap?size=500x500&sensor=false&maptype=road&markers=color%3Agreen%7Clabel%3A1%7C32.36417,-88.70361&markers=color%3Ared%7C34.73028,-86.58611&markers=color%3Agreen%7Clabel%3A2%7C32.36417,-88.70361&markers=color%3Ared%7Clabel%3A2%7C34.73028,-86.58611&markers=color%3Agreen%7Clabel%3A3%7C32.36417,-88.70361&markers=color%3Ared%7Clabel%3A3%7C34.73028,-86.58611&markers=color%3Agreen%7Clabel%3A4%7C32.36417,-88.70361&markers=color%3Ared%7Clabel%3A4%7C34.73028,-86.58611&markers=color%3Agreen%7Clabel%3A5%7C32.36417,-88.70361&markers=color%3Ared%7Clabel%3A5%7C34.73028,-86.58611"
8685,475,467,-8,"http://maps.google.com/maps/api/staticmap?size=500x500&sensor=false&maptype=road&markers=color%3Agreen%7Clabel%3A1%7C33.40167,-86.95444&markers=color%3Ared%7C33.01833,-80.17583&markers=color%3Agreen%7Clabel%3A2%7C33.40167,-86.95444&markers=color%3Ared%7Clabel%3A2%7C33.01833,-80.17583&markers=color%3Agreen%7Clabel%3A3%7C33.20972,-87.56917&markers=color%3Ared%7Clabel%3A3%7C33.45111,-79.56111"
8692,920,920,0,"http://maps.google.com/maps/api/staticmap?size=500x500&sensor=false&maptype=road&markers=color%3Agreen%7Clabel%3A1%7C31.98722,-90.35694&markers=color%3Ared%7C25.77389,-80.19389&markers=color%3Agreen%7Clabel%3A2%7C31.98722,-90.35694&markers=color%3Ared%7Clabel%3A2%7C25.77389,-80.19389"
8696,260,250,-10,"http://maps.google.com/maps/api/staticmap?size=500x500&sensor=false&maptype=road&markers=color%3Agreen%7Clabel%3A1%7C33.20972,-87.56917&markers=color%3Ared%7C35.84556,-86.39028&markers=color%3Agreen%7Clabel%3A2%7C33.20972,-87.56917&markers=color%3Ared%7Clabel%3A2%7C35.84556,-86.39028&markers=color%3Agreen%7Clabel%3A3%7C33.20972,-87.56917&markers=color%3Ared%7Clabel%3A3%7C35.84556,-86.39028&markers=color%3Agreen%7Clabel%3A4%7C32.9975,-87.63&markers=color%3Ared%7Clabel%3A4%7C36.20806,-86.29111&markers=color%3Agreen%7Clabel%3A5%7C33.52056,-86.8025&markers=color%3Ared%7Clabel%3A5%7C35.84556,-86.39028"
8702,184,181,-3,"http://maps.google.com/maps/api/staticmap?size=500x500&sensor=false&maptype=road&markers=color%3Agreen%7Clabel%3A1%7C32.3525,-90.87778&markers=color%3Ared%7C33.55528,-89.08472&markers=color%3Agreen%7Clabel%3A2%7C32.3525,-90.87778&markers=color%3Ared%7Clabel%3A2%7C33.55528,-89.08472&markers=color%3Agreen%7Clabel%3A3%7C32.3525,-90.87778&markers=color%3Ared%7Clabel%3A3%7C33.85528,-89.31139&markers=color%3Agreen%7Clabel%3A4%7C32.3525,-90.87778&markers=color%3Ared%7Clabel%3A4%7C33.85528,-89.31139&markers=color%3Agreen%7Clabel%3A5%7C32.22583,-90.23861&markers=color%3Ared%7Clabel%3A5%7C34.24778,-88.99861"
8715,831,832,1,"http://maps.google.com/maps/api/staticmap?size=500x500&sensor=false&maptype=road&markers=color%3Agreen%7Clabel%3A1%7C30.31167,-95.45583&markers=color%3Ared%7C33.94111,-84.21361&markers=color%3Agreen%7Clabel%3A2%7C30.31167,-95.45583&markers=color%3Ared%7Clabel%3A2%7C33.94111,-84.21361&markers=color%3Agreen%7Clabel%3A3%7C30.31167,-95.45583&markers=color%3Ared%7Clabel%3A3%7C33.94111,-84.21361&markers=color%3Agreen%7Clabel%3A4%7C29.76306,-95.36306&markers=color%3Ared%7Clabel%3A4%7C33.94111,-84.21361"
8717,656,645,-11,"http://maps.google.com/maps/api/staticmap?size=500x500&sensor=false&maptype=road&markers=color%3Agreen%7Clabel%3A1%7C33.72861,-87.09028&markers=color%3Ared%7C39.10972,-80.40694&markers=color%3Agreen%7Clabel%3A2%7C33.72861,-87.09028&markers=color%3Ared%7Clabel%3A2%7C39.10972,-80.40694&markers=color%3Agreen%7Clabel%3A3%7C33.40167,-86.95444&markers=color%3Ared%7Clabel%3A3%7C38.93417,-80.83778&markers=color%3Agreen%7Clabel%3A4%7C33.40167,-86.95444&markers=color%3Ared%7Clabel%3A4%7C38.93417,-80.83778&markers=color%3Agreen%7Clabel%3A5%7C33.52056,-86.8025&markers=color%3Ared%7Clabel%3A5%7C39.485,-80.14278"
8734,1037,1037,0,"http://maps.google.com/maps/api/staticmap?size=500x500&sensor=false&maptype=road&markers=color%3Agreen%7Clabel%3A1%7C31.33806,-94.72889&markers=color%3Ared%7C34.91278,-79.82222&markers=color%3Agreen%7Clabel%3A2%7C31.33806,-94.72889&markers=color%3Ared%7Clabel%3A2%7C34.91278,-79.82222"
8742,618,618,0,"http://maps.google.com/maps/api/staticmap?size=500x500&sensor=false&maptype=road&markers=color%3Agreen%7Clabel%3A1%7C29.59556,-90.71944&markers=color%3Ared%7C29.18694,-82.14028&markers=color%3Agreen%7Clabel%3A2%7C29.59556,-90.71944&markers=color%3Ared%7Clabel%3A2%7C29.18694,-82.14028"
8743,308,306,-2,"http://maps.google.com/maps/api/staticmap?size=500x500&sensor=false&maptype=road&markers=color%3Agreen%7Clabel%3A1%7C33.52056,-86.8025&markers=color%3Ared%7C33.46667,-82.01667&markers=color%3Agreen%7Clabel%3A2%7C33.52056,-86.8025&markers=color%3Ared%7Clabel%3A2%7C33.46667,-82.01667&markers=color%3Agreen%7Clabel%3A3%7C33.52056,-86.8025&markers=color%3Ared%7Clabel%3A3%7C33.46667,-82.01667&markers=color%3Agreen%7Clabel%3A4%7C33.52056,-86.8025&markers=color%3Ared%7Clabel%3A4%7C33.46667,-82.01667&markers=color%3Agreen%7Clabel%3A5%7C33.52056,-86.8025&markers=color%3Ared%7Clabel%3A5%7C33.46667,-82.01667"
8745,321,328,7,"http://maps.google.com/maps/api/staticmap?size=500x500&sensor=false&maptype=road&markers=color%3Agreen%7Clabel%3A1%7C34.60583,-86.98333&markers=color%3Ared%7C33.57556,-83.1825&markers=color%3Agreen%7Clabel%3A2%7C34.60583,-86.98333&markers=color%3Ared%7Clabel%3A2%7C33.57556,-83.1825&markers=color%3Agreen%7Clabel%3A3%7C34.60583,-86.98333&markers=color%3Ared%7Clabel%3A3%7C33.9925,-83.72028&markers=color%3Agreen%7Clabel%3A4%7C34.60583,-86.98333&markers=color%3Ared%7Clabel%3A4%7C34.43583,-83.10694&markers=color%3Agreen%7Clabel%3A5%7C34.17472,-86.84361&markers=color%3Ared%7Clabel%3A5%7C33.29444,-83.96611"
8752,111,127,16,"http://maps.google.com/maps/api/staticmap?size=500x500&sensor=false&maptype=road&markers=color%3Agreen%7Clabel%3A1%7C35.14944,-90.04889&markers=color%3Ared%7C36.42417,-89.05694&markers=color%3Agreen%7Clabel%3A2%7C35.14944,-90.04889&markers=color%3Ared%7Clabel%3A2%7C36.42417,-89.05694&markers=color%3Agreen%7Clabel%3A3%7C35.92722,-89.91889&markers=color%3Ared%7Clabel%3A3%7C36.29139,-88.70806"
8770,138,146,8,"http://maps.google.com/maps/api/staticmap?size=500x500&sensor=false&maptype=road&markers=color%3Agreen%7Clabel%3A1%7C34.74639,-92.28944&markers=color%3Ared%7C35.14944,-90.04889&markers=color%3Agreen%7Clabel%3A2%7C34.74639,-92.28944&markers=color%3Ared%7Clabel%3A2%7C35.14944,-90.04889&markers=color%3Agreen%7Clabel%3A3%7C34.22833,-92.00306&markers=color%3Ared%7Clabel%3A3%7C35.14944,-90.04889&markers=color%3Agreen%7Clabel%3A4%7C34.50028,-91.5525&markers=color%3Ared%7Clabel%3A4%7C35.14944,-90.04889&markers=color%3Agreen%7Clabel%3A5%7C34.50361,-93.055&markers=color%3Ared%7Clabel%3A5%7C35.14944,-90.04889"
8775,117,115,-2,"http://maps.google.com/maps/api/staticmap?size=500x500&sensor=false&maptype=road&markers=color%3Agreen%7Clabel%3A1%7C34.50028,-91.5525&markers=color%3Ared%7C35.14944,-90.04889&markers=color%3Agreen%7Clabel%3A2%7C34.50028,-91.5525&markers=color%3Ared%7Clabel%3A2%7C35.14944,-90.04889&markers=color%3Agreen%7Clabel%3A3%7C34.22833,-92.00306&markers=color%3Ared%7Clabel%3A3%7C35.14944,-90.04889&markers=color%3Agreen%7Clabel%3A4%7C33.88694,-91.49167&markers=color%3Ared%7Clabel%3A4%7C35.14944,-90.04889&markers=color%3Agreen%7Clabel%3A5%7C34.74639,-92.28944&markers=color%3Ared%7Clabel%3A5%7C35.14944,-90.04889"
8778,422,418,-4,"http://maps.google.com/maps/api/staticmap?size=500x500&sensor=false&maptype=road&markers=color%3Agreen%7Clabel%3A1%7C33.68444,-87.83083&markers=color%3Ared%7C38.38361,-85.44&markers=color%3Agreen%7Clabel%3A2%7C33.68444,-87.83083&markers=color%3Ared%7Clabel%3A2%7C38.38361,-85.44&markers=color%3Agreen%7Clabel%3A3%7C33.68444,-87.83083&markers=color%3Ared%7Clabel%3A3%7C38.38361,-85.44&markers=color%3Agreen%7Clabel%3A4%7C34.28028,-87.31944&markers=color%3Ared%7Clabel%3A4%7C38.38361,-85.44&markers=color%3Agreen%7Clabel%3A5%7C33.20972,-87.56917&markers=color%3Ared%7Clabel%3A5%7C38.25417,-85.75944"
8800,342,340,-2,"http://maps.google.com/maps/api/staticmap?size=500x500&sensor=false&maptype=road&markers=color%3Agreen%7Clabel%3A1%7C30.69417,-88.04306&markers=color%3Ared%7C33.81861,-84.5825&markers=color%3Agreen%7Clabel%3A2%7C30.69417,-88.04306&markers=color%3Ared%7Clabel%3A2%7C33.81861,-84.5825&markers=color%3Agreen%7Clabel%3A3%7C30.69417,-88.04306&markers=color%3Ared%7Clabel%3A3%7C33.81861,-84.5825&markers=color%3Agreen%7Clabel%3A4%7C30.69417,-88.04306&markers=color%3Ared%7Clabel%3A4%7C33.65333,-84.44944&markers=color%3Agreen%7Clabel%3A5%7C30.69417,-88.04306&markers=color%3Ared%7Clabel%3A5%7C34.25694,-85.16472"
8822,643,643,0,"http://maps.google.com/maps/api/staticmap?size=500x500&sensor=false&maptype=road&markers=color%3Agreen%7Clabel%3A1%7C36.62083,-90.82333&markers=color%3Ared%7C35.14833,-81.86111&markers=color%3Agreen%7Clabel%3A2%7C36.62083,-90.82333&markers=color%3Ared%7Clabel%3A2%7C35.14833,-81.86111&markers=color%3Agreen%7Clabel%3A3%7C36.62083,-90.82333&markers=color%3Ared%7Clabel%3A3%7C35.14833,-81.86111&markers=color%3Agreen%7Clabel%3A4%7C36.62083,-90.82333&markers=color%3Ared%7Clabel%3A4%7C35.14833,-81.86111&markers=color%3Agreen%7Clabel%3A5%7C36.62083,-90.82333&markers=color%3Ared%7Clabel%3A5%7C35.14833,-81.86111"
8827,762,776,14,"http://maps.google.com/maps/api/staticmap?size=500x500&sensor=false&maptype=road&markers=color%3Agreen%7Clabel%3A1%7C32.30611,-87.79806&markers=color%3Ared%7C41.15694,-83.41694&markers=color%3Agreen%7Clabel%3A2%7C32.30611,-87.79806&markers=color%3Ared%7Clabel%3A2%7C41.15694,-83.41694&markers=color%3Agreen%7Clabel%3A3%7C31.78833,-87.72722&markers=color%3Ared%7Clabel%3A3%7C41.2425,-82.61583"
8830,406,414,8,"http://maps.google.com/maps/api/staticmap?size=500x500&sensor=false&maptype=road&markers=color%3Agreen%7Clabel%3A1%7C36.06667,-88.99389&markers=color%3Ared%7C33.74889,-84.38806&markers=color%3Agreen%7Clabel%3A2%7C36.06667,-88.99389&markers=color%3Ared%7Clabel%3A2%7C33.74889,-84.38806&markers=color%3Agreen%7Clabel%3A3%7C35.61444,-88.81389&markers=color%3Ared%7Clabel%3A3%7C33.74889,-84.38806&markers=color%3Agreen%7Clabel%3A4%7C35.78472,-89.11722&markers=color%3Ared%7Clabel%3A4%7C33.79389,-84.66056&markers=color%3Agreen%7Clabel%3A5%7C35.92,-89.79806&markers=color%3Ared%7Clabel%3A5%7C33.74889,-84.38806"
8831,661,654,-7,"http://maps.google.com/maps/api/staticmap?size=500x500&sensor=false&maptype=road&markers=color%3Agreen%7Clabel%3A1%7C34.60583,-86.98333&markers=color%3Ared%7C41.43972,-81.73556&markers=color%3Agreen%7Clabel%3A2%7C34.60583,-86.98333&markers=color%3Ared%7Clabel%3A2%7C41.43972,-81.73556&markers=color%3Agreen%7Clabel%3A3%7C34.60583,-86.98333&markers=color%3Ared%7Clabel%3A3%7C41.43972,-81.73556&markers=color%3Agreen%7Clabel%3A4%7C34.60583,-86.98333&markers=color%3Ared%7Clabel%3A4%7C41.417,-81.517&markers=color%3Agreen%7Clabel%3A5%7C34.60583,-86.98333&markers=color%3Ared%7Clabel%3A5%7C41.3125,-81.44028"
8832,489,489,0,"http://maps.google.com/maps/api/staticmap?size=500x500&sensor=false&maptype=road&markers=color%3Agreen%7Clabel%3A1%7C35.19972,-87.03083&markers=color%3Ared%7C32.11528,-81.24722&markers=color%3Agreen%7Clabel%3A2%7C35.19972,-87.03083&markers=color%3Ared%7Clabel%3A2%7C32.11528,-81.24722"
8835,259,270,11,"http://maps.google.com/maps/api/staticmap?size=500x500&sensor=false&maptype=road&markers=color%3Agreen%7Clabel%3A1%7C34.99194,-86.84667&markers=color%3Ared%7C38.25417,-85.75944&markers=color%3Agreen%7Clabel%3A2%7C34.99194,-86.84667&markers=color%3Ared%7Clabel%3A2%7C38.25417,-85.75944&markers=color%3Agreen%7Clabel%3A3%7C34.60583,-86.98333&markers=color%3Ared%7Clabel%3A3%7C38.21194,-85.22361&markers=color%3Agreen%7Clabel%3A4%7C35.74167,-86.64972&markers=color%3Ared%7Clabel%3A4%7C38.48333,-85.76167&markers=color%3Agreen%7Clabel%3A5%7C34.28028,-87.31944&markers=color%3Ared%7Clabel%3A5%7C38.38361,-85.44"
8838,192,192,0,"http://maps.google.com/maps/api/staticmap?size=500x500&sensor=false&maptype=road&markers=color%3Agreen%7Clabel%3A1%7C33.45111,-86.99667&markers=color%3Ared%7C33.44722,-84.14694&markers=color%3Agreen%7Clabel%3A2%7C33.45111,-86.99667&markers=color%3Ared%7Clabel%3A2%7C33.44722,-84.14694&markers=color%3Agreen%7Clabel%3A3%7C33.48583,-86.91194&markers=color%3Ared%7Clabel%3A3%7C33.44722,-84.14694&markers=color%3Agreen%7Clabel%3A4%7C33.34861,-87.01417&markers=color%3Ared%7Clabel%3A4%7C33.44722,-84.14694&markers=color%3Agreen%7Clabel%3A5%7C33.48583,-86.91194&markers=color%3Ared%7Clabel%3A5%7C33.71222,-84.10528"
8856,881,880,-1,"http://maps.google.com/maps/api/staticmap?size=500x500&sensor=false&maptype=road&markers=color%3Agreen%7Clabel%3A1%7C35.84222,-90.70417&markers=color%3Ared%7C28.01833,-82.11306&markers=color%3Agreen%7Clabel%3A2%7C35.84222,-90.70417&markers=color%3Ared%7Clabel%3A2%7C28.01833,-82.11306&markers=color%3Agreen%7Clabel%3A3%7C35.84222,-90.70417&markers=color%3Ared%7Clabel%3A3%7C28.53806,-81.37944&markers=color%3Agreen%7Clabel%3A4%7C35.705,-89.96944&markers=color%3Ared%7Clabel%3A4%7C28.55778,-81.85139&markers=color%3Agreen%7Clabel%3A5%7C35.14944,-90.04889&markers=color%3Ared%7Clabel%3A5%7C28.55778,-81.85139"
8879,1049,1054,5,"http://maps.google.com/maps/api/staticmap?size=500x500&sensor=false&maptype=road&markers=color%3Agreen%7Clabel%3A1%7C30.81583,-92.66028&markers=color%3Ared%7C40.2425,-82.85917&markers=color%3Agreen%7Clabel%3A2%7C30.81583,-92.66028&markers=color%3Ared%7Clabel%3A2%7C40.2425,-82.85917&markers=color%3Agreen%7Clabel%3A3%7C30.81583,-92.66028&markers=color%3Ared%7Clabel%3A3%7C40.2425,-82.85917&markers=color%3Agreen%7Clabel%3A4%7C31.46056,-92.77056&markers=color%3Ared%7Clabel%3A4%7C39.96667,-82.88556"
8882,623,627,4,"http://maps.google.com/maps/api/staticmap?size=500x500&sensor=false&maptype=road&markers=color%3Agreen%7Clabel%3A1%7C32.36444,-89.47417&markers=color%3Ared%7C35.55111,-80.40667&markers=color%3Agreen%7Clabel%3A2%7C32.36444,-89.47417&markers=color%3Ared%7Clabel%3A2%7C35.55111,-80.40667&markers=color%3Agreen%7Clabel%3A3%7C32.36444,-89.47417&markers=color%3Ared%7Clabel%3A3%7C36.11972,-80.07389&markers=color%3Agreen%7Clabel%3A4%7C32.36444,-89.47417&markers=color%3Ared%7Clabel%3A4%7C36.11972,-80.07389&markers=color%3Agreen%7Clabel%3A5%7C32.36444,-89.47417&markers=color%3Ared%7Clabel%3A5%7C36.11972,-80.07389"
8920,353,369,16,"http://maps.google.com/maps/api/staticmap?size=500x500&sensor=false&maptype=road&markers=color%3Agreen%7Clabel%3A1%7C33.28556,-86.81&markers=color%3Ared%7C31.30583,-82.24222&markers=color%3Agreen%7Clabel%3A2%7C33.28556,-86.81&markers=color%3Ared%7Clabel%3A2%7C31.30583,-82.24222&markers=color%3Agreen%7Clabel%3A3%7C33.28556,-86.81&markers=color%3Ared%7Clabel%3A3%7C31.30583,-82.24222&markers=color%3Agreen%7Clabel%3A4%7C33.28556,-86.81&markers=color%3Ared%7Clabel%3A4%7C31.77806,-82.34861&markers=color%3Agreen%7Clabel%3A5%7C33.28556,-86.81&markers=color%3Ared%7Clabel%3A5%7C31.77806,-82.34861"
8928,183,182,-1,"http://maps.google.com/maps/api/staticmap?size=500x500&sensor=false&maptype=road&markers=color%3Agreen%7Clabel%3A1%7C31.67472,-88.64611&markers=color%3Ared%7C30.417,-86.6&markers=color%3Agreen%7Clabel%3A2%7C31.67472,-88.64611&markers=color%3Ared%7Clabel%3A2%7C30.417,-86.6"
8929,338,336,-2,"http://maps.google.com/maps/api/staticmap?size=500x500&sensor=false&maptype=road&markers=color%3Agreen%7Clabel%3A1%7C30.43194,-84.97583&markers=color%3Ared%7C27.89611,-81.84333&markers=color%3Agreen%7Clabel%3A2%7C30.43194,-84.97583&markers=color%3Ared%7Clabel%3A2%7C27.89611,-81.84333&markers=color%3Agreen%7Clabel%3A3%7C30.43194,-84.97583&markers=color%3Ared%7Clabel%3A3%7C27.89611,-81.84333&markers=color%3Agreen%7Clabel%3A4%7C30.43194,-84.97583&markers=color%3Ared%7Clabel%3A4%7C27.89611,-81.84333&markers=color%3Agreen%7Clabel%3A5%7C30.43194,-84.97583&markers=color%3Ared%7Clabel%3A5%7C28.02194,-81.73306"
8934,1339,1339,0,"http://maps.google.com/maps/api/staticmap?size=500x500&sensor=false&maptype=road&markers=color%3Agreen%7Clabel%3A1%7C29.76306,-95.36306&markers=color%3Ared%7C39.41528,-81.455&markers=color%3Agreen%7Clabel%3A2%7C29.76306,-95.36306&markers=color%3Ared%7Clabel%3A2%7C39.41528,-81.455&markers=color%3Agreen%7Clabel%3A3%7C29.76306,-95.36306&markers=color%3Ared%7Clabel%3A3%7C39.41528,-81.455&markers=color%3Agreen%7Clabel%3A4%7C29.76306,-95.36306&markers=color%3Ared%7Clabel%3A4%7C39.41528,-81.455&markers=color%3Agreen%7Clabel%3A5%7C29.76306,-95.36306&markers=color%3Ared%7Clabel%3A5%7C39.41528,-81.455"
8952,423,419,-4,"http://maps.google.com/maps/api/staticmap?size=500x500&sensor=false&maptype=road&markers=color%3Agreen%7Clabel%3A1%7C30.69417,-88.04306&markers=color%3Ared%7C29.99167,-81.67833&markers=color%3Agreen%7Clabel%3A2%7C30.69417,-88.04306&markers=color%3Ared%7Clabel%3A2%7C29.99167,-81.67833&markers=color%3Agreen%7Clabel%3A3%7C31.16917,-88.92&markers=color%3Ared%7Clabel%3A3%7C30.33194,-81.65583"
8963,455,448,-7,"http://maps.google.com/maps/api/staticmap?size=500x500&sensor=false&maptype=road&markers=color%3Agreen%7Clabel%3A1%7C31.52556,-92.40694&markers=color%3Ared%7C30.46056,-86.58861&markers=color%3Agreen%7Clabel%3A2%7C31.52556,-92.40694&markers=color%3Ared%7Clabel%3A2%7C30.46056,-86.58861&markers=color%3Agreen%7Clabel%3A3%7C31.52556,-92.40694&markers=color%3Ared%7Clabel%3A3%7C30.46056,-86.58861&markers=color%3Agreen%7Clabel%3A4%7C31.52556,-92.40694&markers=color%3Ared%7Clabel%3A4%7C30.417,-86.6"
8970,396,394,-2,"http://maps.google.com/maps/api/staticmap?size=500x500&sensor=false&maptype=road&markers=color%3Agreen%7Clabel%3A1%7C33.52056,-86.8025&markers=color%3Ared%7C35.22694,-80.84333&markers=color%3Agreen%7Clabel%3A2%7C33.52056,-86.8025&markers=color%3Ared%7Clabel%3A2%7C35.22694,-80.84333&markers=color%3Agreen%7Clabel%3A3%7C33.52056,-86.8025&markers=color%3Ared%7Clabel%3A3%7C35.22694,-80.84333&markers=color%3Agreen%7Clabel%3A4%7C33.52056,-86.8025&markers=color%3Ared%7Clabel%3A4%7C35.22694,-80.84333&markers=color%3Agreen%7Clabel%3A5%7C33.48583,-86.91194&markers=color%3Ared%7Clabel%3A5%7C35.22694,-80.84333"
8978,399,399,0,"http://maps.google.com/maps/api/staticmap?size=500x500&sensor=false&maptype=road&markers=color%3Agreen%7Clabel%3A1%7C30.43194,-84.97583&markers=color%3Ared%7C27.05,-82.25&markers=color%3Agreen%7Clabel%3A2%7C30.43194,-84.97583&markers=color%3Ared%7Clabel%3A2%7C27.05,-82.25"
9017,259,258,-1,"http://maps.google.com/maps/api/staticmap?size=500x500&sensor=false&maptype=road&markers=color%3Agreen%7Clabel%3A1%7C32.54472,-94.36722&markers=color%3Ared%7C35.43667,-94.34806&markers=color%3Agreen%7Clabel%3A2%7C32.54472,-94.36722&markers=color%3Ared%7Clabel%3A2%7C35.43667,-94.34806&markers=color%3Agreen%7Clabel%3A3%7C32.54472,-94.36722&markers=color%3Ared%7Clabel%3A3%7C35.43667,-94.34806&markers=color%3Agreen%7Clabel%3A4%7C32.54472,-94.36722&markers=color%3Ared%7Clabel%3A4%7C35.43667,-94.34806&markers=color%3Agreen%7Clabel%3A5%7C32.54472,-94.36722&markers=color%3Ared%7Clabel%3A5%7C35.383,-94.383"
9037,482,482,0,"http://maps.google.com/maps/api/staticmap?size=500x500&sensor=false&maptype=road&markers=color%3Agreen%7Clabel%3A1%7C29.88306,-97.94111&markers=color%3Ared%7C36.15389,-95.9925&markers=color%3Agreen%7Clabel%3A2%7C29.88306,-97.94111&markers=color%3Ared%7Clabel%3A2%7C36.15389,-95.9925"
9052,651,651,0,"http://maps.google.com/maps/api/staticmap?size=500x500&sensor=false&maptype=road&markers=color%3Agreen%7Clabel%3A1%7C35.94417,-89.73306&markers=color%3Ared%7C37.69222,-97.33722&markers=color%3Agreen%7Clabel%3A2%7C35.94417,-89.73306&markers=color%3Ared%7Clabel%3A2%7C37.69222,-97.33722&markers=color%3Agreen%7Clabel%3A3%7C35.94417,-89.73306&markers=color%3Ared%7Clabel%3A3%7C37.69222,-97.33722&markers=color%3Agreen%7Clabel%3A4%7C35.94417,-89.73306&markers=color%3Ared%7Clabel%3A4%7C37.69222,-97.33722&markers=color%3Agreen%7Clabel%3A5%7C35.94417,-89.73306&markers=color%3Ared%7Clabel%3A5%7C37.69222,-97.33722"
9058,629,666,37,"http://maps.google.com/maps/api/staticmap?size=500x500&sensor=false&maptype=road&markers=color%3Agreen%7Clabel%3A1%7C33.76889,-89.80833&markers=color%3Ared%7C41.85,-87.65&markers=color%3Agreen%7Clabel%3A2%7C33.76889,-89.80833&markers=color%3Ared%7Clabel%3A2%7C41.85,-87.65&markers=color%3Agreen%7Clabel%3A3%7C33.87556,-89.17722&markers=color%3Ared%7Clabel%3A3%7C41.85,-87.65&markers=color%3Agreen%7Clabel%3A4%7C34.03806,-89.02194&markers=color%3Ared%7Clabel%3A4%7C41.85,-87.65&markers=color%3Agreen%7Clabel%3A5%7C34.03806,-89.02194&markers=color%3Ared%7Clabel%3A5%7C41.85,-87.65"
9064,651,651,0,"http://maps.google.com/maps/api/staticmap?size=500x500&sensor=false&maptype=road&markers=color%3Agreen%7Clabel%3A1%7C35.94417,-89.73306&markers=color%3Ared%7C37.69222,-97.33722&markers=color%3Agreen%7Clabel%3A2%7C35.94417,-89.73306&markers=color%3Ared%7Clabel%3A2%7C37.69222,-97.33722&markers=color%3Agreen%7Clabel%3A3%7C35.94417,-89.73306&markers=color%3Ared%7Clabel%3A3%7C37.69222,-97.33722&markers=color%3Agreen%7Clabel%3A4%7C35.94417,-89.73306&markers=color%3Ared%7Clabel%3A4%7C37.69222,-97.33722&markers=color%3Agreen%7Clabel%3A5%7C35.94417,-89.73306&markers=color%3Ared%7Clabel%3A5%7C37.69222,-97.33722"
9075,460,466,6,"http://maps.google.com/maps/api/staticmap?size=500x500&sensor=false&maptype=road&markers=color%3Agreen%7Clabel%3A1%7C35.94417,-89.73306&markers=color%3Ared%7C39.09972,-94.57833&markers=color%3Agreen%7Clabel%3A2%7C35.94417,-89.73306&markers=color%3Ared%7Clabel%3A2%7C39.09972,-94.57833&markers=color%3Agreen%7Clabel%3A3%7C35.94417,-89.73306&markers=color%3Ared%7Clabel%3A3%7C39.09972,-94.57833&markers=color%3Agreen%7Clabel%3A4%7C36.57111,-89.18611&markers=color%3Ared%7Clabel%3A4%7C39.09972,-94.57833&markers=color%3Agreen%7Clabel%3A5%7C35.92,-89.79806&markers=color%3Ared%7Clabel%3A5%7C38.61556,-95.2675"
9076,684,680,-4,"http://maps.google.com/maps/api/staticmap?size=500x500&sensor=false&maptype=road&markers=color%3Agreen%7Clabel%3A1%7C34.72972,-88.95056&markers=color%3Ared%7C37.83472,-97.37306&markers=color%3Agreen%7Clabel%3A2%7C34.72972,-88.95056&markers=color%3Ared%7Clabel%3A2%7C37.83472,-97.37306&markers=color%3Agreen%7Clabel%3A3%7C34.72972,-88.95056&markers=color%3Ared%7Clabel%3A3%7C37.83472,-97.37306&markers=color%3Agreen%7Clabel%3A4%7C34.72972,-88.95056&markers=color%3Ared%7Clabel%3A4%7C37.83472,-97.37306"
9090,637,637,0,"http://maps.google.com/maps/api/staticmap?size=500x500&sensor=false&maptype=road&markers=color%3Agreen%7Clabel%3A1%7C32.36417,-88.70361&markers=color%3Ared%7C38.95167,-92.33389&markers=color%3Agreen%7Clabel%3A2%7C32.36417,-88.70361&markers=color%3Ared%7Clabel%3A2%7C38.95167,-92.33389&markers=color%3Agreen%7Clabel%3A3%7C32.36417,-88.70361&markers=color%3Ared%7Clabel%3A3%7C38.95167,-92.33389&markers=color%3Agreen%7Clabel%3A4%7C32.36417,-88.70361&markers=color%3Ared%7Clabel%3A4%7C38.95167,-92.33389&markers=color%3Agreen%7Clabel%3A5%7C32.36417,-88.70361&markers=color%3Ared%7Clabel%3A5%7C38.95167,-92.33389"
9096,684,680,-4,"http://maps.google.com/maps/api/staticmap?size=500x500&sensor=false&maptype=road&markers=color%3Agreen%7Clabel%3A1%7C34.72972,-88.95056&markers=color%3Ared%7C37.83472,-97.37306&markers=color%3Agreen%7Clabel%3A2%7C34.72972,-88.95056&markers=color%3Ared%7Clabel%3A2%7C37.83472,-97.37306&markers=color%3Agreen%7Clabel%3A3%7C34.72972,-88.95056&markers=color%3Ared%7Clabel%3A3%7C37.83472,-97.37306&markers=color%3Agreen%7Clabel%3A4%7C34.72972,-88.95056&markers=color%3Ared%7Clabel%3A4%7C37.83472,-97.37306"
9106,722,727,5,"http://maps.google.com/maps/api/staticmap?size=500x500&sensor=false&maptype=road&markers=color%3Agreen%7Clabel%3A1%7C33.20972,-87.56917&markers=color%3Ared%7C37.22778,-77.40222&markers=color%3Agreen%7Clabel%3A2%7C33.20972,-87.56917&markers=color%3Ared%7Clabel%3A2%7C37.22778,-77.40222&markers=color%3Agreen%7Clabel%3A3%7C33.22889,-87.57722&markers=color%3Ared%7Clabel%3A3%7C37.22778,-77.40222&markers=color%3Agreen%7Clabel%3A4%7C33.52056,-86.8025&markers=color%3Ared%7Clabel%3A4%7C37.55361,-77.46056&markers=color%3Agreen%7Clabel%3A5%7C33.52056,-86.8025&markers=color%3Ared%7Clabel%3A5%7C37.75889,-77.48028"
9136,725,698,-27,"http://maps.google.com/maps/api/staticmap?size=500x500&sensor=false&maptype=road&markers=color%3Agreen%7Clabel%3A1%7C33.20972,-87.56917&markers=color%3Ared%7C40.75833,-82.51556&markers=color%3Agreen%7Clabel%3A2%7C33.20972,-87.56917&markers=color%3Ared%7Clabel%3A2%7C40.75833,-82.51556&markers=color%3Agreen%7Clabel%3A3%7C33.6475,-87.93139&markers=color%3Ared%7Clabel%3A3%7C39.96111,-82.99889&markers=color%3Agreen%7Clabel%3A4%7C33.83111,-87.2775&markers=color%3Ared%7Clabel%3A4%7C40.23639,-83.36722"
9142,593,554,-39,"http://maps.google.com/maps/api/staticmap?size=500x500&sensor=false&maptype=road&markers=color%3Agreen%7Clabel%3A1%7C32.53444,-92.78833&markers=color%3Ared%7C37.23972,-96.99528&markers=color%3Agreen%7Clabel%3A2%7C32.53444,-92.78833&markers=color%3Ared%7Clabel%3A2%7C37.23972,-96.99528&markers=color%3Agreen%7Clabel%3A3%7C32.53444,-92.78833&markers=color%3Ared%7Clabel%3A3%7C37.23972,-96.99528&markers=color%3Agreen%7Clabel%3A4%7C32.525,-93.75&markers=color%3Ared%7Clabel%3A4%7C37.69222,-97.33722"
9153,686,703,17,"http://maps.google.com/maps/api/staticmap?size=500x500&sensor=false&maptype=road&markers=color%3Agreen%7Clabel%3A1%7C35.61444,-88.81389&markers=color%3Ared%7C41.25861,-95.9375&markers=color%3Agreen%7Clabel%3A2%7C35.61444,-88.81389&markers=color%3Ared%7Clabel%3A2%7C41.25861,-95.9375&markers=color%3Agreen%7Clabel%3A3%7C35.92,-89.79806&markers=color%3Ared%7Clabel%3A3%7C41.25861,-95.9375&markers=color%3Agreen%7Clabel%3A4%7C35.92,-89.79806&markers=color%3Ared%7Clabel%3A4%7C41.25861,-95.9375"
9159,872,872,0,"http://maps.google.com/maps/api/staticmap?size=500x500&sensor=false&maptype=road&markers=color%3Agreen%7Clabel%3A1%7C30.49778,-94.99639&markers=color%3Ared%7C40.44028,-99.36944&markers=color%3Agreen%7Clabel%3A2%7C30.49778,-94.99639&markers=color%3Ared%7Clabel%3A2%7C40.44028,-99.36944"
9175,772,773,1,"http://maps.google.com/maps/api/staticmap?size=500x500&sensor=false&maptype=road&markers=color%3Agreen%7Clabel%3A1%7C35.92722,-89.91889&markers=color%3Ared%7C45.0725,-93.45556&markers=color%3Agreen%7Clabel%3A2%7C35.92722,-89.91889&markers=color%3Ared%7Clabel%3A2%7C45.0725,-93.45556&markers=color%3Agreen%7Clabel%3A3%7C35.92722,-89.91889&markers=color%3Ared%7Clabel%3A3%7C45.0725,-93.45556&markers=color%3Agreen%7Clabel%3A4%7C35.92,-89.79806&markers=color%3Ared%7Clabel%3A4%7C45.0725,-93.45556&markers=color%3Agreen%7Clabel%3A5%7C35.92,-89.79806&markers=color%3Ared%7Clabel%3A5%7C45.0725,-93.45556"
9188,543,548,5,"http://maps.google.com/maps/api/staticmap?size=500x500&sensor=false&maptype=road&markers=color%3Agreen%7Clabel%3A1%7C34.22833,-92.00306&markers=color%3Ared%7C38.35194,-97.20417&markers=color%3Agreen%7Clabel%3A2%7C34.22833,-92.00306&markers=color%3Ared%7Clabel%3A2%7C38.35194,-97.20417&markers=color%3Agreen%7Clabel%3A3%7C34.16944,-92.59083&markers=color%3Ared%7Clabel%3A3%7C37.83472,-97.37306&markers=color%3Agreen%7Clabel%3A4%7C34.075,-92.55528&markers=color%3Ared%7Clabel%3A4%7C37.69222,-97.33722&markers=color%3Agreen%7Clabel%3A5%7C33.62889,-91.79083&markers=color%3Ared%7Clabel%3A5%7C38.06083,-97.92944"
9193,499,507,8,"http://maps.google.com/maps/api/staticmap?size=500x500&sensor=false&maptype=road&markers=color%3Agreen%7Clabel%3A1%7C29.70556,-95.45861&markers=color%3Ared%7C36.15389,-95.9925&markers=color%3Agreen%7Clabel%3A2%7C29.70556,-95.45861&markers=color%3Ared%7Clabel%3A2%7C36.15389,-95.9925&markers=color%3Agreen%7Clabel%3A3%7C30.34111,-95.08528&markers=color%3Ared%7Clabel%3A3%7C36.15389,-95.9925&markers=color%3Agreen%7Clabel%3A4%7C29.76306,-95.36306&markers=color%3Ared%7Clabel%3A4%7C36.11556,-97.05806"
9210,811,811,0,"http://maps.google.com/maps/api/staticmap?size=500x500&sensor=false&maptype=road&markers=color%3Agreen%7Clabel%3A1%7C29.42389,-98.49333&markers=color%3Ared%7C39.11417,-94.62722&markers=color%3Agreen%7Clabel%3A2%7C29.42389,-98.49333&markers=color%3Ared%7Clabel%3A2%7C39.11417,-94.62722"
9218,847,847,0,"http://maps.google.com/maps/api/staticmap?size=500x500&sensor=false&maptype=road&markers=color%3Agreen%7Clabel%3A1%7C30.08583,-94.10167&markers=color%3Ared%7C38.633,-90.25&markers=color%3Agreen%7Clabel%3A2%7C30.08583,-94.10167&markers=color%3Ared%7Clabel%3A2%7C38.633,-90.25&markers=color%3Agreen%7Clabel%3A3%7C30.08583,-94.10167&markers=color%3Ared%7Clabel%3A3%7C38.633,-90.25&markers=color%3Agreen%7Clabel%3A4%7C30.08583,-94.10167&markers=color%3Ared%7Clabel%3A4%7C38.633,-90.25"
9222,270,272,2,"http://maps.google.com/maps/api/staticmap?size=500x500&sensor=false&maptype=road&markers=color%3Agreen%7Clabel%3A1%7C33.72444,-92.61556&markers=color%3Ared%7C35.81444,-94.62833&markers=color%3Agreen%7Clabel%3A2%7C33.72444,-92.61556&markers=color%3Ared%7Clabel%3A2%7C35.81444,-94.62833&markers=color%3Agreen%7Clabel%3A3%7C33.72444,-92.61556&markers=color%3Ared%7Clabel%3A3%7C35.81444,-94.62833&markers=color%3Agreen%7Clabel%3A4%7C34.075,-92.55528&markers=color%3Ared%7Clabel%3A4%7C35.81444,-94.62833&markers=color%3Agreen%7Clabel%3A5%7C34.075,-92.55528&markers=color%3Ared%7Clabel%3A5%7C35.81444,-94.62833"
9242,1676,1676,0,"http://maps.google.com/maps/api/staticmap?size=500x500&sensor=false&maptype=road&markers=color%3Agreen%7Clabel%3A1%7C29.13972,-98.905&markers=color%3Ared%7C48.2325,-101.29583&markers=color%3Agreen%7Clabel%3A2%7C29.13972,-98.905&markers=color%3Ared%7Clabel%3A2%7C48.2325,-101.29583"
9249,750,750,0,"http://maps.google.com/maps/api/staticmap?size=500x500&sensor=false&maptype=road&markers=color%3Agreen%7Clabel%3A1%7C31.78833,-87.72722&markers=color%3Ared%7C40.93667,-87.15083&markers=color%3Agreen%7Clabel%3A2%7C31.78833,-87.72722&markers=color%3Ared%7Clabel%3A2%7C40.93667,-87.15083"
9264,455,449,-6,"http://maps.google.com/maps/api/staticmap?size=500x500&sensor=false&maptype=road&markers=color%3Agreen%7Clabel%3A1%7C35.14944,-90.04889&markers=color%3Ared%7C35.70167,-96.88056&markers=color%3Agreen%7Clabel%3A2%7C35.14944,-90.04889&markers=color%3Ared%7Clabel%3A2%7C35.70167,-96.88056&markers=color%3Agreen%7Clabel%3A3%7C35.14944,-90.04889&markers=color%3Ared%7Clabel%3A3%7C35.70167,-96.88056&markers=color%3Agreen%7Clabel%3A4%7C35.14944,-90.04889&markers=color%3Ared%7Clabel%3A4%7C35.70167,-96.88056&markers=color%3Agreen%7Clabel%3A5%7C35.14944,-90.04889&markers=color%3Ared%7Clabel%3A5%7C35.50778,-96.56722"
9269,524,524,0,"http://maps.google.com/maps/api/staticmap?size=500x500&sensor=false&maptype=road&markers=color%3Agreen%7Clabel%3A1%7C32.36417,-88.70361&markers=color%3Ared%7C37.21528,-93.29806&markers=color%3Agreen%7Clabel%3A2%7C32.36417,-88.70361&markers=color%3Ared%7Clabel%3A2%7C37.21528,-93.29806&markers=color%3Agreen%7Clabel%3A3%7C32.36417,-88.70361&markers=color%3Ared%7Clabel%3A3%7C37.21528,-93.29806&markers=color%3Agreen%7Clabel%3A4%7C32.36417,-88.70361&markers=color%3Ared%7Clabel%3A4%7C37.21528,-93.29806&markers=color%3Agreen%7Clabel%3A5%7C32.36417,-88.70361&markers=color%3Ared%7Clabel%3A5%7C37.21528,-93.29806"
9274,524,524,0,"http://maps.google.com/maps/api/staticmap?size=500x500&sensor=false&maptype=road&markers=color%3Agreen%7Clabel%3A1%7C32.36417,-88.70361&markers=color%3Ared%7C37.21528,-93.29806&markers=color%3Agreen%7Clabel%3A2%7C32.36417,-88.70361&markers=color%3Ared%7Clabel%3A2%7C37.21528,-93.29806&markers=color%3Agreen%7Clabel%3A3%7C32.36417,-88.70361&markers=color%3Ared%7Clabel%3A3%7C37.21528,-93.29806&markers=color%3Agreen%7Clabel%3A4%7C32.36417,-88.70361&markers=color%3Ared%7Clabel%3A4%7C37.21528,-93.29806&markers=color%3Agreen%7Clabel%3A5%7C32.36417,-88.70361&markers=color%3Ared%7Clabel%3A5%7C37.21528,-93.29806"
9278,185,184,-1,"http://maps.google.com/maps/api/staticmap?size=500x500&sensor=false&maptype=road&markers=color%3Agreen%7Clabel%3A1%7C35.03222,-93.22306&markers=color%3Ared%7C37.183,-93.417&markers=color%3Agreen%7Clabel%3A2%7C35.03222,-93.22306&markers=color%3Ared%7Clabel%3A2%7C37.183,-93.417&markers=color%3Agreen%7Clabel%3A3%7C34.32667,-93.55056&markers=color%3Ared%7Clabel%3A3%7C37.21528,-93.29806&markers=color%3Agreen%7Clabel%3A4%7C34.32667,-93.55056&markers=color%3Ared%7Clabel%3A4%7C37.21528,-93.29806&markers=color%3Agreen%7Clabel%3A5%7C35.27833,-93.13361&markers=color%3Ared%7Clabel%3A5%7C37.84972,-93.0275"
9282,1335,1337,2,"http://maps.google.com/maps/api/staticmap?size=500x500&sensor=false&maptype=road&markers=color%3Agreen%7Clabel%3A1%7C29.76306,-95.36306&markers=color%3Ared%7C43.583,-84.767&markers=color%3Agreen%7Clabel%3A2%7C29.76306,-95.36306&markers=color%3Ared%7Clabel%3A2%7C43.583,-84.767&markers=color%3Agreen%7Clabel%3A3%7C29.76306,-95.36306&markers=color%3Ared%7Clabel%3A3%7C43.583,-84.767&markers=color%3Agreen%7Clabel%3A4%7C29.66556,-95.01917&markers=color%3Ared%7Clabel%3A4%7C43.61556,-84.24722&markers=color%3Agreen%7Clabel%3A5%7C29.76306,-95.36306&markers=color%3Ared%7Clabel%3A5%7C42.7325,-84.55556"
9300,1600,1661,61,"http://maps.google.com/maps/api/staticmap?size=500x500&sensor=false&maptype=road&markers=color%3Agreen%7Clabel%3A1%7C30.08583,-94.10167&markers=color%3Ared%7C48.31111,-102.54611&markers=color%3Agreen%7Clabel%3A2%7C30.08583,-94.10167&markers=color%3Ared%7Clabel%3A2%7C48.31111,-102.54611&markers=color%3Agreen%7Clabel%3A3%7C29.73528,-94.97722&markers=color%3Ared%7Clabel%3A3%7C47.80222,-103.28278"
9302,686,689,3,"http://maps.google.com/maps/api/staticmap?size=500x500&sensor=false&maptype=road&markers=color%3Agreen%7Clabel%3A1%7C35.27833,-93.13361&markers=color%3Ared%7C43.64806,-93.36806&markers=color%3Agreen%7Clabel%3A2%7C35.27833,-93.13361&markers=color%3Ared%7Clabel%3A2%7C43.64806,-93.36806&markers=color%3Agreen%7Clabel%3A3%7C35.27833,-93.13361&markers=color%3Ared%7Clabel%3A3%7C43.64806,-93.36806&markers=color%3Agreen%7Clabel%3A4%7C35.27833,-93.13361&markers=color%3Ared%7Clabel%3A4%7C43.64806,-93.36806"
9311,1114,1102,-12,"http://maps.google.com/maps/api/staticmap?size=500x500&sensor=false&maptype=road&markers=color%3Agreen%7Clabel%3A1%7C35.27833,-93.13361&markers=color%3Ared%7C44.46111,-103.63806&markers=color%3Agreen%7Clabel%3A2%7C35.27833,-93.13361&markers=color%3Ared%7Clabel%3A2%7C44.46111,-103.63806&markers=color%3Agreen%7Clabel%3A3%7C35.27833,-93.13361&markers=color%3Ared%7Clabel%3A3%7C44.49083,-103.85889"
9312,1122,1122,0,"http://maps.google.com/maps/api/staticmap?size=500x500&sensor=false&maptype=road&markers=color%3Agreen%7Clabel%3A1%7C32.87444,-95.76528&markers=color%3Ared%7C44.08056,-103.23056&markers=color%3Agreen%7Clabel%3A2%7C32.87444,-95.76528&markers=color%3Ared%7Clabel%3A2%7C44.08056,-103.23056"
9322,426,415,-11,"http://maps.google.com/maps/api/staticmap?size=500x500&sensor=false&maptype=road&markers=color%3Agreen%7Clabel%3A1%7C35.16,-92.64056&markers=color%3Ared%7C37.83472,-97.37306&markers=color%3Agreen%7Clabel%3A2%7C35.16,-92.64056&markers=color%3Ared%7Clabel%3A2%7C37.83472,-97.37306&markers=color%3Agreen%7Clabel%3A3%7C35.16,-92.64056&markers=color%3Ared%7Clabel%3A3%7C37.83472,-97.37306&markers=color%3Agreen%7Clabel%3A4%7C35.16,-92.64056&markers=color%3Ared%7Clabel%3A4%7C37.23972,-96.99528&markers=color%3Agreen%7Clabel%3A5%7C35.16,-92.64056&markers=color%3Ared%7Clabel%3A5%7C37.23972,-96.99528"
9331,1777,1767,-10,"http://maps.google.com/maps/api/staticmap?size=500x500&sensor=false&maptype=road&markers=color%3Agreen%7Clabel%3A1%7C29.76306,-95.36306&markers=color%3Ared%7C48.13334,-103.63333&markers=color%3Agreen%7Clabel%3A2%7C29.76306,-95.36306&markers=color%3Ared%7Clabel%3A2%7C48.13334,-103.63333&markers=color%3Agreen%7Clabel%3A3%7C29.76306,-95.36306&markers=color%3Ared%7Clabel%3A3%7C48.13334,-103.63333&markers=color%3Agreen%7Clabel%3A4%7C29.73528,-94.97722&markers=color%3Ared%7Clabel%3A4%7C47.80222,-103.28278&markers=color%3Agreen%7Clabel%3A5%7C29.73528,-94.97722&markers=color%3Ared%7Clabel%3A5%7C47.71667,-104.15583"
9346,836,862,26,"http://maps.google.com/maps/api/staticmap?size=500x500&sensor=false&maptype=road&markers=color%3Agreen%7Clabel%3A1%7C34.50194,-88.46889&markers=color%3Ared%7C44.5625,-92.53361&markers=color%3Agreen%7Clabel%3A2%7C34.50194,-88.46889&markers=color%3Ared%7Clabel%3A2%7C44.5625,-92.53361&markers=color%3Agreen%7Clabel%3A3%7C34.50194,-88.46889&markers=color%3Ared%7Clabel%3A3%7C44.5625,-92.53361&markers=color%3Agreen%7Clabel%3A4%7C34.43972,-88.14083&markers=color%3Ared%7Clabel%3A4%7C44.925,-93.4625"
9361,1274,1242,-32,"http://maps.google.com/maps/api/staticmap?size=500x500&sensor=false&maptype=road&markers=color%3Agreen%7Clabel%3A1%7C29.76306,-95.36306&markers=color%3Ared%7C40.275,-106.95778&markers=color%3Agreen%7Clabel%3A2%7C29.76306,-95.36306&markers=color%3Ared%7Clabel%3A2%7C40.275,-106.95778&markers=color%3Agreen%7Clabel%3A3%7C29.76306,-95.36306&markers=color%3Ared%7Clabel%3A3%7C40.275,-106.95778"
9371,1123,1118,-5,"http://maps.google.com/maps/api/staticmap?size=500x500&sensor=false&maptype=road&markers=color%3Agreen%7Clabel%3A1%7C35.14944,-90.04889&markers=color%3Ared%7C39.75556,-105.22056&markers=color%3Agreen%7Clabel%3A2%7C35.14944,-90.04889&markers=color%3Ared%7Clabel%3A2%7C39.75556,-105.22056&markers=color%3Agreen%7Clabel%3A3%7C35.14944,-90.04889&markers=color%3Ared%7Clabel%3A3%7C39.73917,-104.98417&markers=color%3Agreen%7Clabel%3A4%7C35.14944,-90.04889&markers=color%3Ared%7Clabel%3A4%7C39.73917,-104.98417&markers=color%3Agreen%7Clabel%3A5%7C35.14944,-90.04889&markers=color%3Ared%7Clabel%3A5%7C39.73917,-104.98417"
9372,924,918,-6,"http://maps.google.com/maps/api/staticmap?size=500x500&sensor=false&maptype=road&markers=color%3Agreen%7Clabel%3A1%7C34.03778,-94.34111&markers=color%3Ared%7C39.73917,-104.98417&markers=color%3Agreen%7Clabel%3A2%7C34.03778,-94.34111&markers=color%3Ared%7Clabel%3A2%7C39.73917,-104.98417&markers=color%3Agreen%7Clabel%3A3%7C34.03778,-94.34111&markers=color%3Ared%7Clabel%3A3%7C39.73917,-104.98417&markers=color%3Agreen%7Clabel%3A4%7C34.02917,-94.73889&markers=color%3Ared%7Clabel%3A4%7C39.73917,-104.98417"
9373,1080,1080,0,"http://maps.google.com/maps/api/staticmap?size=500x500&sensor=false&maptype=road&markers=color%3Agreen%7Clabel%3A1%7C30.94972,-95.91139&markers=color%3Ared%7C40.63556,-104.75472&markers=color%3Agreen%7Clabel%3A2%7C30.94972,-95.91139&markers=color%3Ared%7Clabel%3A2%7C40.63556,-104.75472"
9375,458,457,-1,"http://maps.google.com/maps/api/staticmap?size=500x500&sensor=false&maptype=road&markers=color%3Agreen%7Clabel%3A1%7C35.14944,-90.04889&markers=color%3Ared%7C32.78333,-96.8&markers=color%3Agreen%7Clabel%3A2%7C35.14944,-90.04889&markers=color%3Ared%7Clabel%3A2%7C32.78333,-96.8&markers=color%3Agreen%7Clabel%3A3%7C35.14944,-90.04889&markers=color%3Ared%7Clabel%3A3%7C32.78333,-96.8&markers=color%3Agreen%7Clabel%3A4%7C35.14944,-90.04889&markers=color%3Ared%7Clabel%3A4%7C32.78333,-96.8&markers=color%3Agreen%7Clabel%3A5%7C35.14944,-90.04889&markers=color%3Ared%7Clabel%3A5%7C32.79944,-97.26889"
9377,1409,1405,-4,"http://maps.google.com/maps/api/staticmap?size=500x500&sensor=false&maptype=road&markers=color%3Agreen%7Clabel%3A1%7C29.76306,-95.36306&markers=color%3Ared%7C39.59944,-110.81&markers=color%3Agreen%7Clabel%3A2%7C29.76306,-95.36306&markers=color%3Ared%7Clabel%3A2%7C39.59944,-110.81&markers=color%3Agreen%7Clabel%3A3%7C29.76306,-95.36306&markers=color%3Ared%7Clabel%3A3%7C40.115,-111.65417"
9380,878,864,-14,"http://maps.google.com/maps/api/staticmap?size=500x500&sensor=false&maptype=road&markers=color%3Agreen%7Clabel%3A1%7C35.03222,-93.22306&markers=color%3Ared%7C44.9975,-91.72694&markers=color%3Agreen%7Clabel%3A2%7C35.03222,-93.22306&markers=color%3Ared%7Clabel%3A2%7C44.9975,-91.72694&markers=color%3Agreen%7Clabel%3A3%7C35.03222,-93.22306&markers=color%3Ared%7Clabel%3A3%7C44.9975,-91.72694&markers=color%3Agreen%7Clabel%3A4%7C35.05944,-94.2525&markers=color%3Ared%7Clabel%3A4%7C44.9975,-91.72694"
9384,924,918,-6,"http://maps.google.com/maps/api/staticmap?size=500x500&sensor=false&maptype=road&markers=color%3Agreen%7Clabel%3A1%7C34.03778,-94.34111&markers=color%3Ared%7C39.73917,-104.98417&markers=color%3Agreen%7Clabel%3A2%7C34.03778,-94.34111&markers=color%3Ared%7Clabel%3A2%7C39.73917,-104.98417&markers=color%3Agreen%7Clabel%3A3%7C34.03778,-94.34111&markers=color%3Ared%7Clabel%3A3%7C39.73917,-104.98417&markers=color%3Agreen%7Clabel%3A4%7C34.02917,-94.73889&markers=color%3Ared%7Clabel%3A4%7C39.73917,-104.98417"
9391,313,313,0,"http://maps.google.com/maps/api/staticmap?size=500x500&sensor=false&maptype=road&markers=color%3Agreen%7Clabel%3A1%7C30.45028,-93.43306&markers=color%3Ared%7C32.56306,-97.14139&markers=color%3Agreen%7Clabel%3A2%7C30.45028,-93.43306&markers=color%3Ared%7Clabel%3A2%7C32.56306,-97.14139"
9393,1226,1226,0,"http://maps.google.com/maps/api/staticmap?size=500x500&sensor=false&maptype=road&markers=color%3Agreen%7Clabel%3A1%7C29.76306,-95.36306&markers=color%3Ared%7C39.53472,-107.7825&markers=color%3Agreen%7Clabel%3A2%7C29.76306,-95.36306&markers=color%3Ared%7Clabel%3A2%7C39.53472,-107.7825&markers=color%3Agreen%7Clabel%3A3%7C29.76306,-95.36306&markers=color%3Ared%7Clabel%3A3%7C39.53472,-107.7825"
9407,725,698,-27,"http://maps.google.com/maps/api/staticmap?size=500x500&sensor=false&maptype=road&markers=color%3Agreen%7Clabel%3A1%7C34.50778,-87.72861&markers=color%3Ared%7C29.76306,-95.36306&markers=color%3Agreen%7Clabel%3A2%7C34.50778,-87.72861&markers=color%3Ared%7Clabel%3A2%7C29.76306,-95.36306&markers=color%3Agreen%7Clabel%3A3%7C34.60583,-86.98333&markers=color%3Ared%7Clabel%3A3%7C29.76306,-95.36306&markers=color%3Agreen%7Clabel%3A4%7C33.83111,-87.2775&markers=color%3Ared%7Clabel%3A4%7C29.76306,-95.36306"
9408,127,125,-2,"http://maps.google.com/maps/api/staticmap?size=500x500&sensor=false&maptype=road&markers=color%3Agreen%7Clabel%3A1%7C30.45194,-91.21&markers=color%3Ared%7C30.22639,-93.21722&markers=color%3Agreen%7Clabel%3A2%7C30.45194,-91.21&markers=color%3Ared%7Clabel%3A2%7C30.22639,-93.21722&markers=color%3Agreen%7Clabel%3A3%7C30.45194,-91.21&markers=color%3Ared%7Clabel%3A3%7C30.09278,-93.73639&markers=color%3Agreen%7Clabel%3A4%7C30.45194,-91.21&markers=color%3Ared%7Clabel%3A4%7C30.09278,-93.73639&markers=color%3Agreen%7Clabel%3A5%7C30.45194,-91.21&markers=color%3Ared%7Clabel%3A5%7C30.09278,-93.73639"
9410,789,780,-9,"http://maps.google.com/maps/api/staticmap?size=500x500&sensor=false&maptype=road&markers=color%3Agreen%7Clabel%3A1%7C33.87556,-89.17722&markers=color%3Ared%7C29.42389,-98.49333&markers=color%3Agreen%7Clabel%3A2%7C33.87556,-89.17722&markers=color%3Ared%7Clabel%3A2%7C29.42389,-98.49333&markers=color%3Agreen%7Clabel%3A3%7C34.67083,-89.02639&markers=color%3Ared%7Clabel%3A3%7C29.70278,-98.12417&markers=color%3Agreen%7Clabel%3A4%7C34.67083,-89.02639&markers=color%3Ared%7Clabel%3A4%7C29.70278,-98.12417"
9417,189,187,-2,"http://maps.google.com/maps/api/staticmap?size=500x500&sensor=false&maptype=road&markers=color%3Agreen%7Clabel%3A1%7C32.14444,-95.12028&markers=color%3Ared%7C29.76306,-95.36306&markers=color%3Agreen%7Clabel%3A2%7C32.14444,-95.12028&markers=color%3Ared%7Clabel%3A2%7C29.76306,-95.36306&markers=color%3Agreen%7Clabel%3A3%7C32.38611,-94.87556&markers=color%3Ared%7Clabel%3A3%7C29.70556,-95.45861&markers=color%3Agreen%7Clabel%3A4%7C32.94389,-94.70694&markers=color%3Ared%7Clabel%3A4%7C29.76306,-95.36306&markers=color%3Agreen%7Clabel%3A5%7C32.75722,-94.345&markers=color%3Ared%7Clabel%3A5%7C30.38778,-96.0875"
9427,807,799,-8,"http://maps.google.com/maps/api/staticmap?size=500x500&sensor=false&maptype=road&markers=color%3Agreen%7Clabel%3A1%7C32.29861,-90.18472&markers=color%3Ared%7C27.50611,-99.50722&markers=color%3Agreen%7Clabel%3A2%7C32.29861,-90.18472&markers=color%3Ared%7Clabel%3A2%7C27.50611,-99.50722&markers=color%3Agreen%7Clabel%3A3%7C31.86028,-90.39583&markers=color%3Ared%7Clabel%3A3%7C27.50611,-99.50722&markers=color%3Agreen%7Clabel%3A4%7C31.86028,-90.39583&markers=color%3Ared%7Clabel%3A4%7C27.50611,-99.50722&markers=color%3Agreen%7Clabel%3A5%7C31.82944,-89.42806&markers=color%3Ared%7Clabel%3A5%7C27.50611,-99.50722"
9437,241,252,11,"http://maps.google.com/maps/api/staticmap?size=500x500&sensor=false&maptype=road&markers=color%3Agreen%7Clabel%3A1%7C29.76306,-95.36306&markers=color%3Ared%7C32.78333,-96.8&markers=color%3Agreen%7Clabel%3A2%7C29.76306,-95.36306&markers=color%3Ared%7Clabel%3A2%7C32.78333,-96.8&markers=color%3Agreen%7Clabel%3A3%7C29.76306,-95.36306&markers=color%3Ared%7Clabel%3A3%7C32.78333,-96.8&markers=color%3Agreen%7Clabel%3A4%7C29.77583,-95.11444&markers=color%3Ared%7Clabel%3A4%7C32.9125,-96.63861&markers=color%3Agreen%7Clabel%3A5%7C29.66556,-95.01917&markers=color%3Ared%7Clabel%3A5%7C32.86,-97.36361"
9442,337,331,-6,"http://maps.google.com/maps/api/staticmap?size=500x500&sensor=false&maptype=road&markers=color%3Agreen%7Clabel%3A1%7C29.61833,-95.5375&markers=color%3Ared%7C26.15917,-97.99056&markers=color%3Agreen%7Clabel%3A2%7C29.61833,-95.5375&markers=color%3Ared%7Clabel%3A2%7C26.15917,-97.99056&markers=color%3Agreen%7Clabel%3A3%7C29.76306,-95.36306&markers=color%3Ared%7Clabel%3A3%7C26.30139,-98.16306"
9461,224,224,0,"http://maps.google.com/maps/api/staticmap?size=500x500&sensor=false&maptype=road&markers=color%3Agreen%7Clabel%3A1%7C32.54472,-94.36722&markers=color%3Ared%7C31.09806,-97.3425&markers=color%3Agreen%7Clabel%3A2%7C32.54472,-94.36722&markers=color%3Ared%7Clabel%3A2%7C31.09806,-97.3425&markers=color%3Agreen%7Clabel%3A3%7C32.75722,-94.345&markers=color%3Ared%7Clabel%3A3%7C31.54917,-97.14639&markers=color%3Agreen%7Clabel%3A4%7C32.15306,-94.79917&markers=color%3Ared%7Clabel%3A4%7C31.54917,-97.14639"
9488,524,524,0,"http://maps.google.com/maps/api/staticmap?size=500x500&sensor=false&maptype=road&markers=color%3Agreen%7Clabel%3A1%7C33.62889,-91.79083&markers=color%3Ared%7C35.38583,-98.98778&markers=color%3Agreen%7Clabel%3A2%7C33.62889,-91.79083&markers=color%3Ared%7Clabel%3A2%7C35.38583,-98.98778&markers=color%3Agreen%7Clabel%3A3%7C33.62889,-91.79083&markers=color%3Ared%7Clabel%3A3%7C35.38583,-98.98778"
9502,203,209,6,"http://maps.google.com/maps/api/staticmap?size=500x500&sensor=false&maptype=road&markers=color%3Agreen%7Clabel%3A1%7C33.20972,-87.56917&markers=color%3Ared%7C30.69417,-88.04306&markers=color%3Agreen%7Clabel%3A2%7C33.20972,-87.56917&markers=color%3Ared%7Clabel%3A2%7C30.69417,-88.04306&markers=color%3Agreen%7Clabel%3A3%7C33.52056,-86.8025&markers=color%3Ared%7Clabel%3A3%7C30.42111,-87.21694&markers=color%3Agreen%7Clabel%3A4%7C33.24417,-86.81639&markers=color%3Ared%7Clabel%3A4%7C30.63222,-87.03972"
9511,407,421,14,"http://maps.google.com/maps/api/staticmap?size=500x500&sensor=false&maptype=road&markers=color%3Agreen%7Clabel%3A1%7C31.55361,-90.10722&markers=color%3Ared%7C29.76306,-95.36306&markers=color%3Agreen%7Clabel%3A2%7C31.55361,-90.10722&markers=color%3Ared%7Clabel%3A2%7C29.76306,-95.36306&markers=color%3Agreen%7Clabel%3A3%7C32.17917,-90.24528&markers=color%3Ared%7Clabel%3A3%7C29.76306,-95.36306&markers=color%3Agreen%7Clabel%3A4%7C31.28361,-90.46833&markers=color%3Ared%7Clabel%3A4%7C30.07972,-95.41694&markers=color%3Agreen%7Clabel%3A5%7C31.28361,-90.46833&markers=color%3Ared%7Clabel%3A5%7C30.07972,-95.41694"
9514,235,232,-3,"http://maps.google.com/maps/api/staticmap?size=500x500&sensor=false&maptype=road&markers=color%3Agreen%7Clabel%3A1%7C35.08861,-92.44194&markers=color%3Ared%7C32.525,-93.75&markers=color%3Agreen%7Clabel%3A2%7C35.08861,-92.44194&markers=color%3Ared%7Clabel%3A2%7C32.525,-93.75&markers=color%3Agreen%7Clabel%3A3%7C35.08861,-92.44194&markers=color%3Ared%7Clabel%3A3%7C32.525,-93.75&markers=color%3Agreen%7Clabel%3A4%7C34.76944,-92.26694&markers=color%3Ared%7Clabel%3A4%7C32.525,-93.75&markers=color%3Agreen%7Clabel%3A5%7C34.74639,-92.28944&markers=color%3Ared%7Clabel%3A5%7C32.525,-93.75"
9547,641,647,6,"http://maps.google.com/maps/api/staticmap?size=500x500&sensor=false&maptype=road&markers=color%3Agreen%7Clabel%3A1%7C32.36417,-88.70361&markers=color%3Ared%7C30.26694,-97.74278&markers=color%3Agreen%7Clabel%3A2%7C32.36417,-88.70361&markers=color%3Ared%7Clabel%3A2%7C30.26694,-97.74278&markers=color%3Agreen%7Clabel%3A3%7C32.36417,-88.70361&markers=color%3Ared%7Clabel%3A3%7C30.26694,-97.74278&markers=color%3Agreen%7Clabel%3A4%7C32.36417,-88.70361&markers=color%3Ared%7Clabel%3A4%7C30.26694,-97.74278&markers=color%3Agreen%7Clabel%3A5%7C32.35361,-89.65444&markers=color%3Ared%7Clabel%3A5%7C29.70278,-98.12417"
9554,506,497,-9,"http://maps.google.com/maps/api/staticmap?size=500x500&sensor=false&maptype=road&markers=color%3Agreen%7Clabel%3A1%7C35.92722,-89.91889&markers=color%3Ared%7C30.27333,-91.89917&markers=color%3Agreen%7Clabel%3A2%7C35.92722,-89.91889&markers=color%3Ared%7Clabel%3A2%7C30.27333,-91.89917&markers=color%3Agreen%7Clabel%3A3%7C35.705,-89.96944&markers=color%3Ared%7Clabel%3A3%7C30.45056,-91.15444"
9557,447,451,4,"http://maps.google.com/maps/api/staticmap?size=500x500&sensor=false&maptype=road&markers=color%3Agreen%7Clabel%3A1%7C29.76306,-95.36306&markers=color%3Ared%7C35.4675,-97.51611&markers=color%3Agreen%7Clabel%3A2%7C29.76306,-95.36306&markers=color%3Ared%7Clabel%3A2%7C35.4675,-97.51611&markers=color%3Agreen%7Clabel%3A3%7C29.76306,-95.36306&markers=color%3Ared%7Clabel%3A3%7C35.4675,-97.51611&markers=color%3Agreen%7Clabel%3A4%7C29.76306,-95.36306&markers=color%3Ared%7Clabel%3A4%7C35.4675,-97.51611&markers=color%3Agreen%7Clabel%3A5%7C29.76306,-95.36306&markers=color%3Ared%7Clabel%3A5%7C35.4675,-97.51611"
9576,547,550,3,"http://maps.google.com/maps/api/staticmap?size=500x500&sensor=false&maptype=road&markers=color%3Agreen%7Clabel%3A1%7C32.36417,-88.70361&markers=color%3Ared%7C29.61583,-95.5575&markers=color%3Agreen%7Clabel%3A2%7C32.36417,-88.70361&markers=color%3Ared%7Clabel%3A2%7C29.61583,-95.5575&markers=color%3Agreen%7Clabel%3A3%7C32.36417,-88.70361&markers=color%3Ared%7Clabel%3A3%7C29.61583,-95.5575&markers=color%3Agreen%7Clabel%3A4%7C32.36444,-89.47417&markers=color%3Ared%7Clabel%3A4%7C29.76306,-95.36306&markers=color%3Agreen%7Clabel%3A5%7C32.36444,-89.47417&markers=color%3Ared%7Clabel%3A5%7C29.76306,-95.36306"
9577,322,331,9,"http://maps.google.com/maps/api/staticmap?size=500x500&sensor=false&maptype=road&markers=color%3Agreen%7Clabel%3A1%7C31.03611,-89.80472&markers=color%3Ared%7C29.82,-94.38389&markers=color%3Agreen%7Clabel%3A2%7C31.03611,-89.80472&markers=color%3Ared%7Clabel%3A2%7C29.82,-94.38389&markers=color%3Agreen%7Clabel%3A3%7C31.03611,-89.80472&markers=color%3Ared%7Clabel%3A3%7C29.82,-94.38389&markers=color%3Agreen%7Clabel%3A4%7C31.03611,-89.80472&markers=color%3Ared%7Clabel%3A4%7C29.82,-94.38389&markers=color%3Agreen%7Clabel%3A5%7C31.49639,-89.73944&markers=color%3Ared%7Clabel%3A5%7C29.82,-94.38389"
9579,431,406,-25,"http://maps.google.com/maps/api/staticmap?size=500x500&sensor=false&maptype=road&markers=color%3Agreen%7Clabel%3A1%7C32.17917,-90.24528&markers=color%3Ared%7C32.32917,-96.625&markers=color%3Agreen%7Clabel%3A2%7C32.17917,-90.24528&markers=color%3Ared%7Clabel%3A2%7C32.32917,-96.625&markers=color%3Agreen%7Clabel%3A3%7C32.35361,-89.65444&markers=color%3Ared%7Clabel%3A3%7C32.78333,-96.8&markers=color%3Agreen%7Clabel%3A4%7C32.35361,-89.65444&markers=color%3Ared%7Clabel%3A4%7C32.78333,-96.8&markers=color%3Agreen%7Clabel%3A5%7C32.29861,-90.18472&markers=color%3Ared%7Clabel%3A5%7C31.54917,-97.14639"
9580,316,300,-16,"http://maps.google.com/maps/api/staticmap?size=500x500&sensor=false&maptype=road&markers=color%3Agreen%7Clabel%3A1%7C32.30944,-90.13889&markers=color%3Ared%7C30.23639,-93.37722&markers=color%3Agreen%7Clabel%3A2%7C32.30944,-90.13889&markers=color%3Ared%7Clabel%3A2%7C30.23639,-93.37722&markers=color%3Agreen%7Clabel%3A3%7C31.605,-89.99833&markers=color%3Ared%7Clabel%3A3%7C30.92,-93.99639"
9582,1060,1073,13,"http://maps.google.com/maps/api/staticmap?size=500x500&sensor=false&maptype=road&markers=color%3Agreen%7Clabel%3A1%7C36.03444,-89.38556&markers=color%3Ared%7C39.73917,-104.98417&markers=color%3Agreen%7Clabel%3A2%7C36.03444,-89.38556&markers=color%3Ared%7Clabel%3A2%7C39.73917,-104.98417&markers=color%3Agreen%7Clabel%3A3%7C35.92722,-89.91889&markers=color%3Ared%7Clabel%3A3%7C39.73917,-104.98417&markers=color%3Agreen%7Clabel%3A4%7C35.61444,-88.81389&markers=color%3Ared%7Clabel%3A4%7C40.39778,-105.07444"
9597,609,609,0,"http://maps.google.com/maps/api/staticmap?size=500x500&sensor=false&maptype=road&markers=color%3Agreen%7Clabel%3A1%7C33.26667,-89.29083&markers=color%3Ared%7C35.32722,-96.925&markers=color%3Agreen%7Clabel%3A2%7C33.26667,-89.29083&markers=color%3Ared%7Clabel%3A2%7C35.32722,-96.925&markers=color%3Agreen%7Clabel%3A3%7C33.26667,-89.29083&markers=color%3Ared%7Clabel%3A3%7C35.32722,-96.925&markers=color%3Agreen%7Clabel%3A4%7C33.26667,-89.29083&markers=color%3Ared%7Clabel%3A4%7C35.32722,-96.925"
9639,399,393,-6,"http://maps.google.com/maps/api/staticmap?size=500x500&sensor=false&maptype=road&markers=color%3Agreen%7Clabel%3A1%7C35.27833,-93.13361&markers=color%3Ared%7C32.72528,-97.32056&markers=color%3Agreen%7Clabel%3A2%7C35.27833,-93.13361&markers=color%3Ared%7Clabel%3A2%7C32.72528,-97.32056&markers=color%3Agreen%7Clabel%3A3%7C35.27833,-93.13361&markers=color%3Ared%7Clabel%3A3%7C32.86,-97.36361&markers=color%3Agreen%7Clabel%3A4%7C35.47139,-93.46639&markers=color%3Ared%7Clabel%3A4%7C32.72528,-97.32056&markers=color%3Agreen%7Clabel%3A5%7C35.27833,-93.13361&markers=color%3Ared%7Clabel%3A5%7C32.78333,-96.8"
9651,206,206,0,"http://maps.google.com/maps/api/staticmap?size=500x500&sensor=false&maptype=road&markers=color%3Agreen%7Clabel%3A1%7C31.60333,-94.65528&markers=color%3Ared%7C33.23611,-96.80083&markers=color%3Agreen%7Clabel%3A2%7C31.60333,-94.65528&markers=color%3Ared%7Clabel%3A2%7C33.23611,-96.80083&markers=color%3Agreen%7Clabel%3A3%7C31.60333,-94.65528&markers=color%3Ared%7Clabel%3A3%7C33.23611,-96.80083&markers=color%3Agreen%7Clabel%3A4%7C31.60333,-94.65528&markers=color%3Ared%7Clabel%3A4%7C32.73556,-97.10778&markers=color%3Agreen%7Clabel%3A5%7C31.60333,-94.65528&markers=color%3Ared%7Clabel%3A5%7C32.73556,-97.10778"
9652,348,348,0,"http://maps.google.com/maps/api/staticmap?size=500x500&sensor=false&maptype=road&markers=color%3Agreen%7Clabel%3A1%7C34.74639,-92.28944&markers=color%3Ared%7C35.2225,-97.43917&markers=color%3Agreen%7Clabel%3A2%7C34.74639,-92.28944&markers=color%3Ared%7Clabel%3A2%7C35.2225,-97.43917&markers=color%3Agreen%7Clabel%3A3%7C34.50361,-93.055&markers=color%3Ared%7Clabel%3A3%7C35.4675,-97.51611"
9657,309,309,0,"http://maps.google.com/maps/api/staticmap?size=500x500&sensor=false&maptype=road&markers=color%3Agreen%7Clabel%3A1%7C31.93917,-92.59861&markers=color%3Ared%7C29.4625,-95.35778&markers=color%3Agreen%7Clabel%3A2%7C31.93917,-92.59861&markers=color%3Ared%7Clabel%3A2%7C29.4625,-95.35778&markers=color%3Agreen%7Clabel%3A3%7C31.93917,-92.59861&markers=color%3Ared%7Clabel%3A3%7C29.76306,-95.36306&markers=color%3Agreen%7Clabel%3A4%7C31.93917,-92.59861&markers=color%3Ared%7Clabel%3A4%7C29.76306,-95.36306&markers=color%3Agreen%7Clabel%3A5%7C31.93917,-92.59861&markers=color%3Ared%7Clabel%3A5%7C29.76306,-95.36306"
9675,529,530,1,"http://maps.google.com/maps/api/staticmap?size=500x500&sensor=false&maptype=road&markers=color%3Agreen%7Clabel%3A1%7C35.92,-89.79806&markers=color%3Ared%7C35.4675,-97.51611&markers=color%3Agreen%7Clabel%3A2%7C35.92,-89.79806&markers=color%3Ared%7Clabel%3A2%7C35.4675,-97.51611&markers=color%3Agreen%7Clabel%3A3%7C35.92722,-89.91889&markers=color%3Ared%7Clabel%3A3%7C35.4675,-97.51611&markers=color%3Agreen%7Clabel%3A4%7C35.92722,-89.91889&markers=color%3Ared%7Clabel%3A4%7C35.4675,-97.51611&markers=color%3Agreen%7Clabel%3A5%7C35.92722,-89.91889&markers=color%3Ared%7Clabel%3A5%7C35.4675,-97.51611"
9681,233,226,-7,"http://maps.google.com/maps/api/staticmap?size=500x500&sensor=false&maptype=road&markers=color%3Agreen%7Clabel%3A1%7C32.75722,-94.345&markers=color%3Ared%7C30.38778,-96.0875&markers=color%3Agreen%7Clabel%3A2%7C32.75722,-94.345&markers=color%3Ared%7Clabel%3A2%7C30.38778,-96.0875&markers=color%3Agreen%7Clabel%3A3%7C32.75722,-94.345&markers=color%3Ared%7Clabel%3A3%7C30.67417,-96.36972&markers=color%3Agreen%7Clabel%3A4%7C32.94389,-94.70694&markers=color%3Ared%7Clabel%3A4%7C29.76306,-95.36306&markers=color%3Agreen%7Clabel%3A5%7C33.45972,-94.41528&markers=color%3Ared%7Clabel%3A5%7C30.31167,-95.45583"
9685,654,654,0,"http://maps.google.com/maps/api/staticmap?size=500x500&sensor=false&maptype=road&markers=color%3Agreen%7Clabel%3A1%7C30.67472,-87.91528&markers=color%3Ared%7C29.70278,-98.12417&markers=color%3Agreen%7Clabel%3A2%7C30.67472,-87.91528&markers=color%3Ared%7Clabel%3A2%7C29.70278,-98.12417"
9739,447,451,4,"http://maps.google.com/maps/api/staticmap?size=500x500&sensor=false&maptype=road&markers=color%3Agreen%7Clabel%3A1%7C29.76306,-95.36306&markers=color%3Ared%7C35.4675,-97.51611&markers=color%3Agreen%7Clabel%3A2%7C29.76306,-95.36306&markers=color%3Ared%7Clabel%3A2%7C35.4675,-97.51611&markers=color%3Agreen%7Clabel%3A3%7C29.76306,-95.36306&markers=color%3Ared%7Clabel%3A3%7C35.4675,-97.51611&markers=color%3Agreen%7Clabel%3A4%7C29.76306,-95.36306&markers=color%3Ared%7Clabel%3A4%7C35.4675,-97.51611&markers=color%3Agreen%7Clabel%3A5%7C29.76306,-95.36306&markers=color%3Ared%7Clabel%3A5%7C35.4675,-97.51611"
9758,322,326,4,"http://maps.google.com/maps/api/staticmap?size=500x500&sensor=false&maptype=road&markers=color%3Agreen%7Clabel%3A1%7C31.92528,-92.63944&markers=color%3Ared%7C32.72528,-97.32056&markers=color%3Agreen%7Clabel%3A2%7C31.92528,-92.63944&markers=color%3Ared%7Clabel%3A2%7C32.72528,-97.32056&markers=color%3Agreen%7Clabel%3A3%7C31.92528,-92.63944&markers=color%3Ared%7Clabel%3A3%7C32.72528,-97.32056&markers=color%3Agreen%7Clabel%3A4%7C31.93917,-92.59861&markers=color%3Ared%7Clabel%3A4%7C32.72528,-97.32056&markers=color%3Agreen%7Clabel%3A5%7C31.93917,-92.59861&markers=color%3Ared%7Clabel%3A5%7C32.72528,-97.32056"
9773,1002,995,-7,"http://maps.google.com/maps/api/staticmap?size=500x500&sensor=false&maptype=road&markers=color%3Agreen%7Clabel%3A1%7C34.81167,-88.19&markers=color%3Ared%7C28.70889,-100.49917&markers=color%3Agreen%7Clabel%3A2%7C34.81167,-88.19&markers=color%3Ared%7Clabel%3A2%7C28.70889,-100.49917&markers=color%3Agreen%7Clabel%3A3%7C34.81167,-88.19&markers=color%3Ared%7Clabel%3A3%7C28.70889,-100.49917"
9775,946,937,-9,"http://maps.google.com/maps/api/staticmap?size=500x500&sensor=false&maptype=road&markers=color%3Agreen%7Clabel%3A1%7C33.49556,-88.42722&markers=color%3Ared%7C28.70889,-100.49917&markers=color%3Agreen%7Clabel%3A2%7C33.49556,-88.42722&markers=color%3Ared%7Clabel%3A2%7C28.70889,-100.49917&markers=color%3Agreen%7Clabel%3A3%7C33.49556,-88.42722&markers=color%3Ared%7Clabel%3A3%7C28.70889,-100.49917"
9783,648,648,0,"http://maps.google.com/maps/api/staticmap?size=500x500&sensor=false&maptype=road&markers=color%3Agreen%7Clabel%3A1%7C29.76306,-95.36306&markers=color%3Ared%7C32.7025,-103.13556&markers=color%3Agreen%7Clabel%3A2%7C29.76306,-95.36306&markers=color%3Ared%7Clabel%3A2%7C32.7025,-103.13556&markers=color%3Agreen%7Clabel%3A3%7C29.76306,-95.36306&markers=color%3Ared%7Clabel%3A3%7C32.7025,-103.13556&markers=color%3Agreen%7Clabel%3A4%7C29.76306,-95.36306&markers=color%3Ared%7Clabel%3A4%7C32.7025,-103.13556&markers=color%3Agreen%7Clabel%3A5%7C29.76306,-95.36306&markers=color%3Ared%7Clabel%3A5%7C32.7025,-103.13556"
9791,238,238,0,"http://maps.google.com/maps/api/staticmap?size=500x500&sensor=false&maptype=road&markers=color%3Agreen%7Clabel%3A1%7C31.24778,-93.97417&markers=color%3Ared%7C32.37278,-99.775&markers=color%3Agreen%7Clabel%3A2%7C31.24778,-93.97417&markers=color%3Ared%7Clabel%3A2%7C32.37278,-99.775"
9795,573,563,-10,"http://maps.google.com/maps/api/staticmap?size=500x500&sensor=false&maptype=road&markers=color%3Agreen%7Clabel%3A1%7C29.76306,-95.36306&markers=color%3Ared%7C31.99722,-102.0775&markers=color%3Agreen%7Clabel%3A2%7C29.76306,-95.36306&markers=color%3Ared%7Clabel%3A2%7C31.99722,-102.0775&markers=color%3Agreen%7Clabel%3A3%7C29.76306,-95.36306&markers=color%3Ared%7Clabel%3A3%7C31.99722,-102.0775&markers=color%3Agreen%7Clabel%3A4%7C29.76306,-95.36306&markers=color%3Ared%7Clabel%3A4%7C31.99722,-102.0775&markers=color%3Agreen%7Clabel%3A5%7C29.76306,-95.36306&markers=color%3Ared%7Clabel%3A5%7C31.84556,-102.36722"
9798,651,654,3,"http://maps.google.com/maps/api/staticmap?size=500x500&sensor=false&maptype=road&markers=color%3Agreen%7Clabel%3A1%7C34.16944,-92.59083&markers=color%3Ared%7C35.22194,-101.83083&markers=color%3Agreen%7Clabel%3A2%7C34.16944,-92.59083&markers=color%3Ared%7Clabel%3A2%7C35.22194,-101.83083&markers=color%3Agreen%7Clabel%3A3%7C34.16944,-92.59083&markers=color%3Ared%7Clabel%3A3%7C35.22194,-101.83083&markers=color%3Agreen%7Clabel%3A4%7C34.16944,-92.59083&markers=color%3Ared%7Clabel%3A4%7C35.22194,-101.83083&markers=color%3Agreen%7Clabel%3A5%7C34.32667,-93.55056&markers=color%3Ared%7Clabel%3A5%7C34.53583,-101.75806"
9811,648,648,0,"http://maps.google.com/maps/api/staticmap?size=500x500&sensor=false&maptype=road&markers=color%3Agreen%7Clabel%3A1%7C29.76306,-95.36306&markers=color%3Ared%7C32.7025,-103.13556&markers=color%3Agreen%7Clabel%3A2%7C29.76306,-95.36306&markers=color%3Ared%7Clabel%3A2%7C32.7025,-103.13556&markers=color%3Agreen%7Clabel%3A3%7C29.76306,-95.36306&markers=color%3Ared%7Clabel%3A3%7C32.7025,-103.13556&markers=color%3Agreen%7Clabel%3A4%7C29.76306,-95.36306&markers=color%3Ared%7Clabel%3A4%7C32.7025,-103.13556&markers=color%3Agreen%7Clabel%3A5%7C29.76306,-95.36306&markers=color%3Ared%7Clabel%3A5%7C32.7025,-103.13556"
9817,648,648,0,"http://maps.google.com/maps/api/staticmap?size=500x500&sensor=false&maptype=road&markers=color%3Agreen%7Clabel%3A1%7C29.76306,-95.36306&markers=color%3Ared%7C32.7025,-103.13556&markers=color%3Agreen%7Clabel%3A2%7C29.76306,-95.36306&markers=color%3Ared%7Clabel%3A2%7C32.7025,-103.13556&markers=color%3Agreen%7Clabel%3A3%7C29.76306,-95.36306&markers=color%3Ared%7Clabel%3A3%7C32.7025,-103.13556&markers=color%3Agreen%7Clabel%3A4%7C29.76306,-95.36306&markers=color%3Ared%7Clabel%3A4%7C32.7025,-103.13556&markers=color%3Agreen%7Clabel%3A5%7C29.76306,-95.36306&markers=color%3Ared%7Clabel%3A5%7C32.7025,-103.13556"
9831,704,704,0,"http://maps.google.com/maps/api/staticmap?size=500x500&sensor=false&maptype=road&markers=color%3Agreen%7Clabel%3A1%7C29.76306,-95.36306&markers=color%3Ared%7C36.68278,-101.48111&markers=color%3Agreen%7Clabel%3A2%7C29.76306,-95.36306&markers=color%3Ared%7Clabel%3A2%7C36.68278,-101.48111"
9854,1798,1798,0,"http://maps.google.com/maps/api/staticmap?size=500x500&sensor=false&maptype=road&markers=color%3Agreen%7Clabel%3A1%7C32.27444,-90.13194&markers=color%3Ared%7C34.09222,-117.43417&markers=color%3Agreen%7Clabel%3A2%7C32.27444,-90.13194&markers=color%3Ared%7Clabel%3A2%7C34.09222,-117.43417&markers=color%3Agreen%7Clabel%3A3%7C32.27444,-90.13194&markers=color%3Ared%7Clabel%3A3%7C34.09222,-117.43417&markers=color%3Agreen%7Clabel%3A4%7C32.27444,-90.13194&markers=color%3Ared%7Clabel%3A4%7C34.09222,-117.43417"
9882,1300,1300,0,"http://maps.google.com/maps/api/staticmap?size=500x500&sensor=false&maptype=road&markers=color%3Agreen%7Clabel%3A1%7C28.70889,-100.49917&markers=color%3Ared%7C29.15,-81.0&markers=color%3Agreen%7Clabel%3A2%7C28.70889,-100.49917&markers=color%3Ared%7Clabel%3A2%7C29.15,-81.0&markers=color%3Agreen%7Clabel%3A3%7C28.70889,-100.49917&markers=color%3Ared%7Clabel%3A3%7C29.15,-81.0&markers=color%3Agreen%7Clabel%3A4%7C28.70889,-100.49917&markers=color%3Ared%7Clabel%3A4%7C29.15,-81.0"
9886,1099,1055,-44,"http://maps.google.com/maps/api/staticmap?size=500x500&sensor=false&maptype=road&markers=color%3Agreen%7Clabel%3A1%7C29.76306,-95.36306&markers=color%3Ared%7C38.95917,-85.89028&markers=color%3Agreen%7Clabel%3A2%7C29.76306,-95.36306&markers=color%3Ared%7Clabel%3A2%7C38.95917,-85.89028&markers=color%3Agreen%7Clabel%3A3%7C29.76306,-95.36306&markers=color%3Ared%7Clabel%3A3%7C38.25417,-85.75944&markers=color%3Agreen%7Clabel%3A4%7C29.76306,-95.36306&markers=color%3Ared%7Clabel%3A4%7C39.76833,-86.15806"
9924,1385,1384,-1,"http://maps.google.com/maps/api/staticmap?size=500x500&sensor=false&maptype=road&markers=color%3Agreen%7Clabel%3A1%7C29.76306,-95.36306&markers=color%3Ared%7C44.73417,-85.17583&markers=color%3Agreen%7Clabel%3A2%7C29.76306,-95.36306&markers=color%3Ared%7Clabel%3A2%7C44.73417,-85.17583&markers=color%3Agreen%7Clabel%3A3%7C29.76306,-95.36306&markers=color%3Ared%7Clabel%3A3%7C44.73417,-85.17583&markers=color%3Agreen%7Clabel%3A4%7C29.76306,-95.36306&markers=color%3Ared%7Clabel%3A4%7C44.73417,-85.17583&markers=color%3Agreen%7Clabel%3A5%7C29.56333,-95.28583&markers=color%3Ared%7Clabel%3A5%7C44.77361,-85.40389"
9927,1124,1124,0,"http://maps.google.com/maps/api/staticmap?size=500x500&sensor=false&maptype=road&markers=color%3Agreen%7Clabel%3A1%7C32.35111,-95.30083&markers=color%3Ared%7C41.66389,-83.55528&markers=color%3Agreen%7Clabel%3A2%7C32.35111,-95.30083&markers=color%3Ared%7Clabel%3A2%7C41.66389,-83.55528"
9953,997,996,-1,"http://maps.google.com/maps/api/staticmap?size=500x500&sensor=false&maptype=road&markers=color%3Agreen%7Clabel%3A1%7C27.50611,-99.50722&markers=color%3Ared%7C37.983,-91.6&markers=color%3Agreen%7Clabel%3A2%7C27.50611,-99.50722&markers=color%3Ared%7Clabel%3A2%7C37.983,-91.6"
9960,344,351,7,"http://maps.google.com/maps/api/staticmap?size=500x500&sensor=false&maptype=road&markers=color%3Agreen%7Clabel%3A1%7C31.54917,-97.14639&markers=color%3Ared%7C35.94194,-95.88306&markers=color%3Agreen%7Clabel%3A2%7C31.54917,-97.14639&markers=color%3Ared%7Clabel%3A2%7C35.94194,-95.88306&markers=color%3Agreen%7Clabel%3A3%7C31.54917,-97.14639&markers=color%3Ared%7Clabel%3A3%7C36.53556,-95.43222"
9972,868,867,-1,"http://maps.google.com/maps/api/staticmap?size=500x500&sensor=false&maptype=road&markers=color%3Agreen%7Clabel%3A1%7C30.73972,-93.64306&markers=color%3Ared%7C40.60556,-97.85889&markers=color%3Agreen%7Clabel%3A2%7C30.73972,-93.64306&markers=color%3Ared%7Clabel%3A2%7C40.60556,-97.85889"
9979,303,299,-4,"http://maps.google.com/maps/api/staticmap?size=500x500&sensor=false&maptype=road&markers=color%3Agreen%7Clabel%3A1%7C32.32917,-96.625&markers=color%3Ared%7C36.11556,-97.05806&markers=color%3Agreen%7Clabel%3A2%7C32.32917,-96.625&markers=color%3Ared%7Clabel%3A2%7C36.11556,-97.05806&markers=color%3Agreen%7Clabel%3A3%7C32.32917,-96.625&markers=color%3Ared%7Clabel%3A3%7C36.11556,-97.05806&markers=color%3Agreen%7Clabel%3A4%7C32.32917,-96.625&markers=color%3Ared%7Clabel%3A4%7C36.70694,-97.08528&markers=color%3Agreen%7Clabel%3A5%7C32.78333,-96.8&markers=color%3Ared%7Clabel%3A5%7C36.39556,-97.87806"
9990,736,736,0,"http://maps.google.com/maps/api/staticmap?size=500x500&sensor=false&maptype=road&markers=color%3Agreen%7Clabel%3A1%7C30.34111,-95.08528&markers=color%3Ared%7C38.45278,-99.90611&markers=color%3Agreen%7Clabel%3A2%7C30.34111,-95.08528&markers=color%3Ared%7Clabel%3A2%7C38.45278,-99.90611&markers=color%3Agreen%7Clabel%3A3%7C30.34111,-95.08528&markers=color%3Ared%7Clabel%3A3%7C38.45278,-99.90611&markers=color%3Agreen%7Clabel%3A4%7C30.34111,-95.08528&markers=color%3Ared%7Clabel%3A4%7C38.45278,-99.90611&markers=color%3Agreen%7Clabel%3A5%7C30.34111,-95.08528&markers=color%3Ared%7Clabel%3A5%7C38.45278,-99.90611"
9995,749,795,46,"http://maps.google.com/maps/api/staticmap?size=500x500&sensor=false&maptype=road&markers=color%3Agreen%7Clabel%3A1%7C29.76306,-95.36306&markers=color%3Ared%7C39.11417,-94.62722&markers=color%3Agreen%7Clabel%3A2%7C29.76306,-95.36306&markers=color%3Ared%7Clabel%3A2%7C39.11417,-94.62722&markers=color%3Agreen%7Clabel%3A3%7C29.76306,-95.36306&markers=color%3Ared%7Clabel%3A3%7C39.11417,-94.62722&markers=color%3Agreen%7Clabel%3A4%7C30.31167,-95.45583&markers=color%3Ared%7Clabel%3A4%7C38.88139,-94.81889"
